0	00115667
1	01156438
2	10213652
3	05601758
4	08482271
5	05654362
6	01771390
7	00069295
8	00655779
9	10665302
10	00778275
11	00893167
12	02230772
13	07348399
14	09224911
15	05274808
16	01040707
17	08081403
18	15258281
19	15255804
20	00351824
21	07200813
22	01634424
23	02570062
24	01226240
25	00442267
26	02600948
27	02147109
28	00904690
29	05823054
30	05501485
31	01899262
32	10284064
33	05582305
34	02407987
35	00626800
36	01621555
37	05395690
38	00763399
39	00925873
40	05808218
41	07162545
42	00607405
43	00261405
44	00956687
45	01008947
46	00788973
47	01205696
48	01629958
49	05481095
50	05560787
51	02259829
52	05926676
53	02851099
54	07370410
55	02569130
56	15140405
57	01754105
58	01947266
59	06367107
60	00256507
61	07138085
62	05553288
63	01149470
64	05594037
65	06193203
66	05541872
67	00112312
68	01131473
69	05272110
70	01015244
71	01123765
72	06786629
73	05816287
74	01953810
75	05248181
76	01995549
77	06693198
78	10178216
79	05279953
80	01439745
81	04728786
82	05585205
83	10510546
84	14691822
85	10681194
86	05329215
87	01507143
88	01644522
89	00115036
90	10060175
91	02618149
92	10399299
93	05534333
94	05462674
95	00391599
96	07180787
97	00439826
98	02426171
99	01224031
100	06196584
101	01642924
102	05835747
103	04424418
104	01894758
105	00404222
106	02094569
107	05929008
108	10677713
109	10209246
110	04773351
111	00242808
112	02604760
113	13286640
114	05891783
115	00673766
116	15055633
117	01974062
118	04337740
119	01130455
120	05380697
121	01230555
122	05817396
123	09257949
124	10256537
125	09279458
126	03294048
127	01284908
128	00164345
129	05500594
130	00298497
131	07184391
132	05421414
133	06253518
134	06740183
135	07180183
136	02895606
137	03736970
138	01441510
139	01309143
140	06601327
141	06756407
142	02387486
143	05496990
144	10002760
145	08239808
146	05794694
147	02051694
148	01352996
149	02713218
150	00592883
151	04524313
152	00237078
153	06727616
154	00114431
155	05316175
156	01998793
157	09613191
158	07208000
159	05845140
160	00902424
161	08064130
162	01433294
163	00858781
164	05297523
165	01194331
166	00609506
167	06691083
168	05984584
169	05444324
170	05512139
171	01989669
172	10708292
173	01220636
174	10075529
175	07203126
176	05199869
177	00704388
178	05320362
179	05773923
180	07283608
181	05373924
182	10476086
183	04616059
184	15145171
185	00261029
186	02991302
187	02614181
188	01658188
189	05785508
190	02853218
191	00933420
192	05540121
193	13102409
194	01016832
195	00163592
196	15113229
197	11498203
198	05279688
199	07963987
200	04153751
201	00767826
202	01092366
203	01076793
204	07540866
205	04871374
206	00042457
207	00989602
208	05544906
209	01449053
210	02166460
211	07201365
212	01169744
213	03126385
214	05267548
215	01873942
216	05803379
217	00785690
218	01131197
219	01023820
220	04087126
221	10032676
222	02619924
223	09929298
224	00013160
225	00322457
226	02020590
227	08061042
228	10644179
229	04800359
230	09184834
231	09626589
232	13760316
233	00881649
234	02012344
235	15292069
236	00001930
237	01284271
238	00900726
239	00929718
240	01211019
241	13872421
242	06428646
243	00621476
244	05595531
245	00282050
246	06652242
247	05772215
248	03401500
249	07314277
250	05943066
251	07477945
252	05216365
253	01770501
254	00706243
255	01640207
256	10096217
257	00947077
258	02687992
259	03269401
260	04211528
261	02377703
262	14451349
263	04910377
264	03005920
265	00138956
266	10630188
267	01468327
268	00772640
269	03278248
270	00468480
271	05217168
272	03424862
273	02950154
274	00927261
275	13486270
276	01447632
277	04561548
278	00157081
279	06633363
280	00787218
281	00295701
282	05465567
283	05650579
284	00672017
285	02270342
286	08550076
287	00170156
288	09893600
289	02635659
290	04895246
291	10484526
292	02037708
293	01968569
294	01653442
295	06090869
296	01094725
297	01950798
298	05590740
299	01229938
300	02340543
301	01661804
302	02348568
303	03859958
304	00205349
305	05854150
306	05324553
307	00779061
308	06000400
309	02075462
310	00829378
311	01632897
312	05217859
313	13526110
314	02117333
315	00376400
316	00385791
317	06259898
318	13096863
319	05691376
320	04828255
321	13561719
322	01803936
323	01770802
324	04546855
325	00644503
326	01258617
327	03323703
328	10261041
329	00753881
330	07212190
331	05601198
332	01405044
333	02701775
334	05303402
335	13910384
336	01220984
337	00625393
338	01279631
339	00431552
340	05788149
341	05501711
342	07169353
343	01211339
344	04574999
345	02304648
346	05853449
347	01460421
348	00004475
349	00895304
350	01126961
351	05495981
352	00781000
353	01074498
354	06671484
355	00670261
356	06532330
357	08572467
358	00959376
359	05762149
360	09824361
361	01012073
362	13558696
363	01118449
364	05430095
365	04677514
366	00147454
367	07247071
368	05599617
369	14960090
370	05563266
371	10700105
372	04473432
373	05785885
374	02170427
375	00654625
376	05823932
377	00135311
378	05313115
379	06634095
380	02658283
381	00558371
382	02531422
383	02690941
384	02676789
385	10140051
386	01167710
387	14842091
388	04686003
389	02766328
390	05367912
391	00927017
392	02154508
393	14686913
394	05516366
395	01451842
396	01347678
397	09926862
398	05341920
399	06687178
400	05651680
401	01639714
402	05064037
403	05533948
404	03154446
405	05311054
406	06539770
407	01420765
408	00852506
409	04781349
410	14299637
411	00337210
412	09615807
413	00471613
414	09465459
415	00212173
416	05584928
417	01335804
418	01440801
419	05784242
420	00198451
421	05147940
422	00006484
423	00779360
424	02544348
425	02262542
426	00772967
427	01904930
428	01806505
429	05555473
430	06770275
431	05383467
432	03295928
433	10160012
434	05536370
435	05576194
436	01864634
437	01853069
438	00798245
439	05999797
440	04294426
441	04657876
442	06711159
443	13428159
444	02407338
445	04861486
446	05310351
447	03154073
448	05566097
449	04780605
450	06782019
451	02036578
452	04863969
453	05545047
454	02108791
455	05037813
456	01476483
457	10615179
458	01170175
459	01554799
460	03081021
461	00921300
462	00377169
463	00431893
464	14379130
465	01549187
466	01932973
467	05840650
468	00550282
469	10190516
470	01198101
471	01255967
472	05256085
473	01241767
474	01999218
475	13907272
476	02111684
477	01545883
478	09774783
479	02451370
480	13854649
481	09826204
482	05585665
483	00776523
484	00683280
485	00980453
486	03501288
487	04362025
488	03180969
489	00239910
490	06686736
491	04576211
492	01179707
493	05670972
494	02348324
495	04361095
496	02163746
497	05088056
498	03110322
499	00238022
500	00258854
501	02107248
502	01211098
503	02373015
504	13924659
505	05593654
506	07361128
507	00999787
508	02897524
509	00941777
510	05467432
511	00159620
512	00876442
513	04021798
514	10533013
515	03739518
516	14841267
517	02608347
518	02982790
519	02911158
520	09821253
521	05603160
522	10782940
523	05790242
524	10415638
525	05328867
526	00766234
527	00065184
528	02733122
529	00770270
530	00023271
531	02367363
532	05462057
533	05461816
534	00002325
535	00155143
536	02932019
537	00780191
538	05510702
539	01147060
540	06650701
541	02662297
542	10431625
543	04687333
544	07150138
545	03365592
546	00082241
547	00826509
548	14419164
549	02143539
550	05051896
551	01222360
552	01212572
553	01808626
554	14061462
555	00923995
556	05352433
557	05551318
558	01624633
559	01230710
560	07181043
561	00113113
562	07309781
563	01767661
564	03100897
565	05770664
566	00366858
567	05736149
568	00941974
569	05908520
570	01198779
571	01137138
572	05733583
573	02475922
574	00964343
575	10461747
576	02237338
577	00701040
578	05475681
579	05501185
580	00033020
581	01392080
582	00045250
583	01951480
584	01847845
585	10631941
586	06740644
587	05200169
588	14006945
589	10524413
590	04837425
591	01004582
592	00786195
593	05578095
594	00290276
595	02376089
596	00609683
597	00954311
598	09606009
599	00575970
600	02075049
601	00118523
602	01115349
603	07363883
604	00728641
605	02419773
606	00817680
607	09764900
608	01014990
609	00327031
610	02303761
611	02679899
612	04835724
613	05432736
614	02148788
615	02707429
616	04723816
617	05445668
618	00055633
619	07370125
620	04837232
621	05546040
622	09470550
623	15258450
624	01079480
625	05261404
626	00661824
627	00131018
628	02556126
629	00950431
630	06539178
631	00156390
632	02309341
633	01627355
634	02609203
635	01129876
636	01990281
637	00199130
638	05305806
639	03294833
640	00243373
641	01759326
642	10345804
643	00116619
644	10335931
645	07208338
646	10107303
647	00593944
648	00203342
649	02554922
650	00971650
651	00943563
652	00728975
653	01101329
654	00713818
655	00940412
656	14037011
657	06254007
658	10439851
659	08164585
660	13954253
661	06078088
662	02506546
663	02712243
664	00879356
665	00943281
666	01555742
667	00302394
668	09608709
669	01680756
670	08208016
671	01230283
672	01818835
673	05779712
674	01906322
675	02327200
676	00593108
677	00862683
678	05143690
679	05254795
680	00648977
681	07548366
682	02037989
683	00123170
684	02450256
685	00628491
686	15256915
687	00878136
688	07251619
689	02103162
690	05562249
691	03501614
692	00053913
693	00806902
694	02448185
695	01601234
696	01090335
697	01865197
698	02665803
699	00664483
700	13855627
701	05337055
702	05387395
703	05271383
704	00368592
705	01943406
706	02304982
707	08054721
708	00103834
709	03526198
710	13929852
711	02450505
712	07168623
713	09961999
714	00161243
715	01284461
716	00037396
717	09609871
718	10771392
719	05692419
720	13793776
721	00941990
722	02002720
723	01381549
724	07252378
725	07373602
726	13792579
727	01346003
728	00874806
729	09614315
730	00765977
731	01119169
732	11410625
733	10625860
734	01432474
735	02418421
736	01098869
737	05827684
738	03079741
739	05578740
740	06721949
741	10660333
742	01634142
743	01792567
744	00598954
745	00027167
746	07201804
747	07248801
748	05553049
749	02434238
750	01835496
751	05593871
752	02842445
753	03967942
754	02666882
755	05916739
756	00803815
757	05726345
758	01810447
759	03490449
760	05289861
761	02228031
762	04019696
763	08189659
764	07445896
765	01432353
766	01793177
767	07550369
768	10578762
769	00798539
770	05387167
771	13480667
772	00561036
773	02505358
774	00588888
775	00882948
776	00347610
777	02685299
778	05600637
779	15282696
780	00311809
781	00829107
782	06291318
783	05195362
784	09612131
785	00113726
786	10495167
787	01070777
788	05539595
789	02318464
790	01840238
791	00633265
792	05564323
793	05254197
794	00146138
795	06057539
796	10709529
797	02400037
798	05928513
799	07993109
800	00030358
801	07139700
802	08060446
803	01194938
804	01667132
805	02492198
806	05634219
807	09614684
808	10461424
809	00602805
810	03181293
811	01145359
812	02749778
813	06037298
814	14911057
815	01990694
816	03125870
817	01923414
818	01896031
819	05318606
820	14036203
821	05275651
822	00667424
823	00020827
824	02232190
825	02468617
826	02290956
827	05919866
828	00813978
829	01239064
830	07436100
831	02030424
832	07546465
833	07939638
834	05543917
835	00185857
836	00896141
837	13576355
838	02994448
839	15180528
840	00707956
841	05967977
842	13095685
843	06200344
844	05309050
845	02286687
846	02537812
847	01008378
848	10742005
849	07456188
850	01993352
851	08381636
852	09773076
853	01176431
854	05491612
855	00829761
856	05339357
857	05289057
858	00963452
859	01129920
860	01311103
861	00622068
862	00050693
863	02543181
864	00918872
865	00699626
866	00476389
867	01126360
868	05779371
869	10605985
870	00875246
871	01430111
872	05194578
873	00064479
874	01628449
875	00483801
876	02796412
877	07363346
878	00239230
879	01130169
880	00023100
881	05465868
882	00331950
883	05978623
884	01026975
885	13980288
886	08199025
887	02877704
888	00338641
889	00135952
890	01556921
891	10205985
892	07324673
893	05217688
894	06528783
895	00784533
896	04773596
897	05793000
898	05511286
899	13928388
900	13920835
901	01454810
902	02681795
903	05474738
904	05540513
905	10191613
906	07140659
907	00875394
908	05650329
909	01309701
910	05230357
911	10434725
912	01549719
913	05532225
914	01993549
915	04530283
916	01070102
917	00695523
918	00812580
919	01353226
920	15257692
921	01127075
922	00788097
923	01494310
924	00773402
925	01012360
926	01350449
927	06253140
928	06605396
929	02202928
930	01344293
931	07199565
932	00911048
933	01123598
934	09773245
935	09833997
936	06643408
937	00571609
938	04661151
939	06634239
940	05434927
941	05734559
942	00156812
943	10380305
944	02285629
945	00349369
946	00765649
947	02724417
948	00167934
949	05555917
950	05907682
951	05432948
952	07372779
953	06078327
954	00248659
955	02463403
956	07238102
957	01209953
958	05790572
959	00752144
960	05287882
961	00339464
962	00623151
963	05035961
964	01887020
965	03510583
966	00205598
967	01752884
968	14419510
969	01083077
970	01976089
971	04761212
972	05549830
973	06722453
974	02611002
975	03335030
976	05349659
977	05459769
978	06741305
979	01552519
980	02848523
981	05797177
982	01106864
983	05473928
984	03624134
985	00403609
986	13968547
987	02510879
988	01680132
989	05837957
990	01989562
991	00900070
992	10738515
993	02419073
994	00325110
995	10150794
996	01637166
997	03658858
998	00805034
999	00869126
1000	02230247
1001	01963942
1002	02432530
1003	00002684
1004	00115157
1005	05352291
1006	05473735
1007	05595083
1008	00567044
1009	00939628
1010	05784831
1011	00044150
1012	02468864
1013	00166172
1014	00479076
1015	05922651
1016	09774266
1017	05692910
1018	05313822
1019	01238424
1020	05505679
1021	02376277
1022	04897762
1023	09258715
1024	05517578
1025	03839993
1026	07372565
1027	01231652
1028	04754237
1029	10115082
1030	02453889
1031	02598143
1032	00734348
1033	05404074
1034	00836236
1035	01628302
1036	00712419
1037	00782527
1038	09802050
1039	02106506
1040	03894379
1041	09962789
1042	08132637
1043	13980845
1044	02734192
1045	01115916
1046	07291312
1047	07550666
1048	05301908
1049	03156405
1050	00003316
1051	02558172
1052	04081844
1053	00635205
1054	13860548
1055	00949134
1056	02887970
1057	00238527
1058	00701877
1059	00822367
1060	01870889
1061	03536568
1062	05838176
1063	01387786
1064	05822746
1065	05405946
1066	04826235
1067	02392600
1068	00171590
1069	14285662
1070	05952490
1071	02742638
1072	15140892
1073	07339329
1074	10741821
1075	00201671
1076	00024264
1077	09632518
1078	02840619
1079	01646300
1080	04635104
1081	03746574
1082	02743261
1083	00896497
1084	05342214
1085	02744651
1086	03429288
1087	00418025
1088	00739082
1089	00105479
1090	10209082
1091	01619354
1092	01646866
1093	05556325
1094	00171586
1095	06252954
1096	09437454
1097	00814850
1098	00839619
1099	00388065
1100	10490699
1101	01935476
1102	01651444
1103	08233056
1104	00958880
1105	01999798
1106	02713852
1107	01168569
1108	02188699
1109	00647094
1110	02796623
1111	01135952
1112	00334935
1113	02324478
1114	13440063
1115	01230350
1116	05511618
1117	00270826
1118	06376154
1119	02480923
1120	00771632
1121	02388950
1122	05624700
1123	05327767
1124	09631129
1125	01575146
1126	02145543
1127	00169806
1128	06757057
1129	00029378
1130	00270215
1131	08441203
1132	02072849
1133	05556204
1134	05379734
1135	00013328
1136	00713167
1137	01038666
1138	07290905
1139	00797878
1140	05386845
1141	09897696
1142	05539138
1143	00633443
1144	10695555
1145	04781755
1146	00896803
1147	01921964
1148	05941037
1149	00386915
1150	00800940
1151	02502916
1152	11498040
1153	00707366
1154	05753564
1155	00282485
1156	01105259
1157	02112029
1158	01261974
1159	01970826
1160	00367976
1161	00583246
1162	10515194
1163	01820901
1164	10401829
1165	00919424
1166	00419644
1167	00331655
1168	00367685
1169	01076615
1170	00001740
1171	03315023
1172	05464104
1173	01992503
1174	00770437
1175	07140978
1176	10524973
1177	00794079
1178	00023773
1179	13810323
1180	00482298
1181	08462320
1182	02373336
1183	01986869
1184	05325378
1185	15109745
1186	01237167
1187	00131426
1188	01843055
1189	00969873
1190	01973759
1191	02517202
1192	01027668
1193	02581073
1194	00972621
1195	05537806
1196	05551711
1197	01281611
1198	00433232
1199	02991048
1200	07429976
1201	06671637
1202	00173338
1203	02056466
1204	15257829
1205	00019792
1206	00007347
1207	02190166
1208	01787955
1209	00342980
1210	00813790
1211	06367373
1212	05504107
1213	00770543
1214	01557614
1215	01771535
1216	00157957
1217	00199707
1218	00774344
1219	01226215
1220	00467451
1221	09379111
1222	05343542
1223	04151940
1224	02231661
1225	00002573
1226	00029677
1227	05830059
1228	06619428
1229	05593476
1230	01853696
1231	05329735
1232	02037472
1233	01302019
1234	01649999
1235	05786372
1236	00104539
1237	07080868
1238	04013729
1239	02045790
1240	02125223
1241	05544725
1242	02056880
1243	00775156
1244	06208751
1245	04250850
1246	00171852
1247	00835032
1248	03391770
1249	00383390
1250	00931040
1251	00151497
1252	03536348
1253	03401721
1254	10053808
1255	00697589
1256	05332225
1257	10249950
1258	01714208
1259	10694258
1260	00820976
1261	02469914
1262	03733925
1263	13100677
1264	00003553
1265	02611630
1266	05532795
1267	05846054
1268	05250659
1269	00136991
1270	08008335
1271	00142191
1272	02495038
1273	07245125
1274	01104637
1275	05816622
1276	01072262
1277	10699752
1278	10684630
1279	01753788
1280	02513740
1281	04485226
1282	06740402
1283	05577741
1284	01021420
1285	09963914
1286	02511551
1287	00598215
1288	02603699
1289	00512749
1290	00745005
1291	02425462
1292	09184975
1293	00806502
1294	07213395
1295	01384439
1296	00015388
1297	01558883
1298	05563034
1299	01351170
1300	05236152
1301	05560244
1302	00953559
1303	04811126
1304	02713372
1305	10692883
1306	05370918
1307	05418717
1308	05766247
1309	05547508
1310	00812274
1311	02733187
1312	00940842
1313	04726938
1314	00004227
1315	06598915
1316	05230603
1317	00835267
1318	00797430
1319	00894738
1320	00815686
1321	07423365
1322	00964694
1323	07370270
1324	01165692
1325	10241300
1326	02395782
1327	03996416
1328	00528990
1329	07246742
1330	01157138
1331	00070641
1332	01146918
1333	14311348
1334	05480794
1335	00076341
1336	01631534
1337	04192698
1338	05296639
1339	00908492
1340	02137907
1341	00265386
1342	07326557
1343	05395098
1344	01158872
1345	02128873
1346	09811712
1347	00662589
1348	02585050
1349	06210363
1350	00035189
1351	04660536
1352	00795863
1353	04618781
1354	01996377
1355	08510666
1356	02410855
1357	00004258
1358	10626867
1359	09870208
1360	02463205
1361	14422179
1362	02495922
1363	05320899
1364	10280674
1365	02110927
1366	01650610
1367	05372428
1368	00586262
1369	00488770
1370	02603673
1371	06200178
1372	02656763
1373	03530910
1374	05548840
1375	00760402
1376	01031256
1377	05574151
1378	08629508
1379	01761706
1380	02726017
1381	10482220
1382	05826469
1383	05290756
1384	02554647
1385	01046984
1386	01548718
1387	00158804
1388	07162194
1389	04474035
1390	00734587
1391	13904843
1392	05602835
1393	01316619
1394	10722575
1395	00880269
1396	13555446
1397	01769902
1398	02486932
1399	00698855
1400	01613463
1401	00927430
1402	10716005
1403	14563564
1404	13896369
1405	02693319
1406	05602548
1407	00905852
1408	02492362
1409	00723056
1410	00166146
1411	15271417
1412	00710005
1413	13962360
1414	00599992
1415	02073714
1416	01022008
1417	14379829
1418	02730568
1419	00851239
1420	00040325
1421	02577061
1422	01177033
1423	00729108
1424	02586458
1425	01097960
1426	11419404
1427	03536122
1428	02376429
1429	05945508
1430	01479333
1431	05376844
1432	00838856
1433	00742320
1434	07109196
1435	04151581
1436	02331262
1437	07133701
1438	04007664
1439	01807314
1440	03700963
1441	00202236
1442	00601783
1443	02379528
1444	02451951
1445	00141806
1446	01256600
1447	05435477
1448	09873348
1449	00003356
1450	08242100
1451	03384535
1452	01468058
1453	02747709
1454	04412901
1455	10035809
1456	00318735
1457	02560767
1458	11495041
1459	10731244
1460	01168961
1461	05275466
1462	05831784
1463	02102002
1464	00792471
1465	00308370
1466	05578251
1467	05221895
1468	05264756
1469	00739662
1470	10722385
1471	02212825
1472	05318831
1473	10334957
1474	00682230
1475	07518261
1476	00631737
1477	09451517
1478	00856824
1479	01587062
1480	05502556
1481	05703429
1482	01127245
1483	00803325
1484	01012712
1485	07456638
1486	07514345
1487	00676450
1488	02673965
1489	02370806
1490	00318035
1491	01138670
1492	03944672
1493	00348746
1494	00603298
1495	09878275
1496	09839167
1497	05385161
1498	01872877
1499	01685601
1500	04617562
1501	00673983
1502	02521410
1503	02727462
1504	02697725
1505	00566135
1506	07151380
1507	02743020
1508	04549919
1509	00859001
1510	01074694
1511	05838765
1512	01180695
1513	02623529
1514	00657260
1515	06691442
1516	13961642
1517	01632411
1518	07450842
1519	07969695
1520	10203949
1521	06470073
1522	15271008
1523	10349243
1524	00026192
1525	01508368
1526	01896478
1527	00849357
1528	01818235
1529	00802318
1530	05544575
1531	00463246
1532	01462005
1533	00976487
1534	05293773
1535	05283816
1536	05816790
1537	00607775
1538	02058994
1539	01995211
1540	07951464
1541	05763916
1542	00910135
1543	04868748
1544	10634316
1545	07997703
1546	01221790
1547	00235435
1548	05544078
1549	07480068
1550	14507951
1551	09775663
1552	02518161
1553	01332730
1554	10206887
1555	05591256
1556	00334509
1557	07170753
1558	04341686
1559	01644050
1560	02691156
1561	01617192
1562	06694796
1563	05034225
1564	02241107
1565	02259547
1566	02608823
1567	01072949
1568	02667228
1569	00565302
1570	10162194
1571	00041188
1572	07181935
1573	00805376
1574	07409592
1575	02624263
1576	01002956
1577	07237758
1578	00004605
1579	00732746
1580	01035530
1581	00376063
1582	03547658
1583	01686132
1584	02766534
1585	01440378
1586	04096848
1587	02718543
1588	00173159
1589	02889425
1590	01886756
1591	05565696
1592	00384620
1593	01227675
1594	02504562
1595	05280998
1596	05732756
1597	15274074
1598	04838210
1599	00776059
1600	01817130
1601	02678384
1602	07262579
1603	14875077
1604	01789514
1605	00021939
1606	01256417
1607	04827652
1608	00834198
1609	06252138
1610	01201089
1611	02860389
1612	05333777
1613	10438172
1614	02354287
1615	07170467
1616	05898568
1617	14481080
1618	05538625
1619	05558717
1620	02413480
1621	00280586
1622	05503705
1623	05220461
1624	06208021
1625	05578442
1626	04453910
1627	05124057
1628	13858045
1629	09939313
1630	05284851
1631	02719399
1632	00300441
1633	04592741
1634	03730153
1635	05564590
1636	02248465
1637	01619725
1638	02592667
1639	00955148
1640	01686439
1641	05638063
1642	01041762
1643	00191142
1644	09633969
1645	04050410
1646	00931852
1647	00426928
1648	10560637
1649	05585383
1650	06182144
1651	01654628
1652	01322675
1653	05543177
1654	02636921
1655	10387712
1656	00191980
1657	02106006
1658	13773361
1659	05395548
1660	05888929
1661	02422663
1662	02566528
1663	01629276
1664	04869569
1665	05261566
1666	09901143
1667	02087745
1668	03764276
1669	01128193
1670	01380122
1671	01244410
1672	01848465
1673	07151892
1674	08359949
1675	00463543
1676	02157100
1677	01011725
1678	05497363
1679	02730135
1680	10335801
1681	02464693
1682	13911151
1683	10609092
1684	11414608
1685	02408965
1686	00796315
1687	05388805
1688	07207410
1689	01077350
1690	13773539
1691	11665372
1692	05540407
1693	04060647
1694	13982357
1695	01989873
1696	07161429
1697	01073995
1698	09632274
1699	00038750
1700	05479314
1701	00380083
1702	01206849
1703	01091427
1704	05296253
1705	07205573
1706	02118933
1707	00920336
1708	03183080
1709	05573895
1710	01506157
1711	05344848
1712	00773432
1713	05298729
1714	04059701
1715	01419982
1716	05577410
1717	00775831
1718	03540595
1719	02112891
1720	09617867
1721	01659248
1722	05559908
1723	09998101
1724	10428004
1725	06080522
1726	07129867
1727	09798534
1728	00940709
1729	04275661
1730	02729023
1731	00981083
1732	01256743
1733	01993926
1734	02434976
1735	00339934
1736	00772189
1737	00621627
1738	00162632
1739	02375131
1740	05504532
1741	00795720
1742	05194151
1743	01313923
1744	02439501
1745	06738281
1746	10214637
1747	00383606
1748	07272172
1749	06797169
1750	10045454
1751	00727573
1752	01337224
1753	00345761
1754	01063697
1755	13941337
1756	09968845
1757	01152396
1758	01478423
1759	02045043
1760	02201644
1761	00007846
1762	05467054
1763	01375637
1764	01230241
1765	10165448
1766	04164989
1767	05770926
1768	00503164
1769	06389230
1770	05601357
1771	01080064
1772	10791221
1773	07142365
1774	04729328
1775	03464467
1776	00387657
1777	07240077
1778	01593614
1779	01478002
1780	03738472
1781	05385534
1782	09792237
1783	04341414
1784	00771961
1785	05123416
1786	01772960
1787	00672277
1788	01940403
1789	01475282
1790	05426243
1791	03499142
1792	15258694
1793	00090708
1794	00976653
1795	05854812
1796	01194483
1797	09612291
1798	00042311
1799	04076846
1800	01078783
1801	05552607
1802	01895219
1803	00980779
1804	02536557
1805	06148148
1806	01014066
1807	06694540
1808	00578116
1809	04526241
1810	01390616
1811	05148699
1812	00733483
1813	05389939
1814	02670186
1815	09985279
1816	01883716
1817	07445265
1818	03416329
1819	02471762
1820	03408054
1821	00575741
1822	00704690
1823	00433458
1824	01463963
1825	01377032
1826	00908672
1827	05329533
1828	00830761
1829	00407535
1830	02915055
1831	10336234
1832	00095971
1833	01633343
1834	01871680
1835	00028565
1836	01831531
1837	01127215
1838	05249636
1839	10510339
1840	01260867
1841	01231252
1842	01439190
1843	07324380
1844	00699815
1845	04493505
1846	01796346
1847	05088324
1848	01064560
1849	10724699
1850	02583545
1851	00126264
1852	04620216
1853	02372605
1854	01592456
1855	03892891
1856	05442131
1857	00116687
1858	01136519
1859	04080833
1860	06732013
1861	03520811
1862	00100543
1863	07252764
1864	00005041
1865	00181781
1866	05590366
1867	02082690
1868	02625016
1869	05809192
1870	07292694
1871	00796976
1872	02156063
1873	07204401
1874	09962966
1875	05289297
1876	02348927
1877	10407954
1878	01635056
1879	03964744
1880	00700708
1881	00620752
1882	00963570
1883	02400760
1884	05397468
1885	10090498
1886	04281375
1887	05986948
1888	07335097
1889	08310389
1890	00033615
1891	06511874
1892	00135504
1893	00663353
1894	09206985
1895	04014297
1896	05789432
1897	00591236
1898	02909006
1899	11412727
1900	03018802
1901	10014939
1902	01422886
1903	02644050
1904	01988080
1905	09773962
1906	00834259
1907	07159791
1908	01643657
1909	00925207
1910	01989053
1911	05296775
1912	01592774
1913	14477667
1914	07491286
1915	02603540
1916	01846916
1917	06251781
1918	00562398
1919	01009240
1920	00105333
1921	07139316
1922	06797671
1923	03541091
1924	05314075
1925	02530167
1926	07207273
1927	05285275
1928	03623556
1929	14004317
1930	05535484
1931	00735936
1932	05785067
1933	00404642
1934	05849284
1935	05495172
1936	00991838
1937	02159955
1938	00637259
1939	02735688
1940	00446493
1941	02505141
1942	05237755
1943	00165942
1944	01642437
1945	06740919
1946	00315986
1947	01441100
1948	00218045
1949	10212780
1950	10045713
1951	15255641
1952	02387034
1953	00766418
1954	05793210
1955	01812720
1956	00237869
1957	04519153
1958	07138915
1959	14417146
1960	00182213
1961	01017987
1962	00667747
1963	05367735
1964	00952963
1965	05867413
1966	01789270
1967	05157866
1968	00407090
1969	04669247
1970	07184149
1971	01967104
1972	00019128
1973	00512487
1974	07246036
1975	00109660
1976	05436752
1977	00803617
1978	00279835
1979	01423285
1980	05773049
1981	00961001
1982	15003969
1983	04852750
1984	02436349
1985	05780104
1986	00958896
1987	00922867
1988	05473104
1989	01871979
1990	00202284
1991	05655119
1992	03061081
1993	01609287
1994	03571155
1995	14287113
1996	00439343
1997	01978576
1998	07175241
1999	03129123
2000	00893435
2001	06782680
2002	14035298
2003	00190999
2004	00836788
2005	10737431
2006	05993844
2007	01850315
2008	04359589
2009	00831191
2010	05580416
2011	05999266
2012	00539546
2013	00679389
2014	00140123
2015	05836275
2016	05268965
2017	01638368
2018	05833840
2019	10285762
2020	01304716
2021	00381680
2022	01125429
2023	00928630
2024	00283127
2025	01845720
2026	07109019
2027	04254777
2028	02702120
2029	08381436
2030	01215392
2031	01210737
2032	01346804
2033	02626604
2034	00739340
2035	08621598
2036	05529286
2037	04754440
2038	00721437
2039	02668523
2040	07311115
2041	00043195
2042	01872645
2043	08478482
2044	02676496
2045	01353169
2046	02510446
2047	01762528
2048	13572436
2049	10114897
2050	10019888
2051	04552348
2052	05978159
2053	00204943
2054	02440244
2055	01239494
2056	14578471
2057	02589576
2058	10383505
2059	05510173
2060	02690708
2061	01887076
2062	14379501
2063	00728849
2064	05281189
2065	00804802
2066	00629738
2067	07467846
2068	02137132
2069	05635188
2070	06652878
2071	05469032
2072	05616246
2073	05670710
2074	01127795
2075	02688443
2076	06648724
2077	07250339
2078	05570129
2079	01782519
2080	04211356
2081	00634472
2082	02428924
2083	00887081
2084	00207418
2085	00261533
2086	05568767
2087	07296428
2088	01214265
2089	04320126
2090	03328076
2091	00883297
2092	09616922
2093	02213074
2094	00240184
2095	05945642
2096	05818741
2097	00306426
2098	01970646
2099	05559727
2100	05225602
2101	03043274
2102	05597594
2103	01898129
2104	04105893
2105	01668603
2106	02716165
2107	02153959
2108	01230965
2109	05869857
2110	10673451
2111	02679415
2112	07181546
2113	08573472
2114	07501545
2115	07160296
2116	01807882
2117	05493303
2118	01559055
2119	02615079
2120	00523513
2121	05313535
2122	15256245
2123	00726784
2124	05604950
2125	00947128
2126	01184814
2127	01457954
2128	06891022
2129	01400044
2130	02472293
2131	05579944
2132	14034177
2133	04590553
2134	02391803
2135	01653013
2136	00630380
2137	04683814
2138	03308152
2139	05572940
2140	05596004
2141	05282000
2142	02467662
2143	04011827
2144	03328201
2145	00779601
2146	05509889
2147	05550330
2148	00532607
2149	05305136
2150	02557199
2151	04623113
2152	05901508
2153	06123363
2154	09178821
2155	00019613
2156	00429048
2157	00937656
2158	01627965
2159	11452218
2160	02736778
2161	07177924
2162	05701944
2163	06282651
2164	09900981
2165	05532944
2166	02297142
2167	02469274
2168	14755804
2169	01996574
2170	02427103
2171	05967097
2172	05370410
2173	10383237
2174	04226537
2175	01509584
2176	05395286
2177	02127358
2178	15256022
2179	05142180
2180	05534174
2181	01380638
2182	01051956
2183	01309991
2184	02670683
2185	01209678
2186	01410223
2187	01001689
2188	02686568
2189	07357388
2190	00773814
2191	01146576
2192	00248977
2193	10161178
2194	01631830
2195	00740577
2196	05301072
2197	05594367
2198	09623038
2199	01511706
2200	01637982
2201	00198631
2202	01791535
2203	05803938
2204	04490091
2205	05474346
2206	07528212
2207	01645601
2208	05332569
2209	14052046
2210	00606370
2211	01512259
2212	05344514
2213	10068804
2214	03385117
2215	00906367
2216	01127019
2217	01061320
2218	00960851
2219	01855606
2220	01175316
2221	05301392
2222	15265518
2223	03100490
2224	00753428
2225	02060141
2226	02130160
2227	05294819
2228	05434557
2229	07950920
2230	00575720
2231	05485554
2232	00557588
2233	01323449
2234	13086908
2235	05542539
2236	13962166
2237	00014549
2238	10538154
2239	01018928
2240	06598445
2241	09629752
2242	00002452
2243	07445480
2244	02202384
2245	10383816
2246	01147451
2247	00630223
2248	01282014
2249	07200527
2250	14877585
2251	06045562
2252	00831651
2253	05764197
2254	01149138
2255	03094503
2256	05588551
2257	00690614
2258	00711550
2259	05225090
2260	00037457
2261	00137313
2262	05468849
2263	05792842
2264	10480253
2265	01516534
2266	01897667
2267	13518963
2268	08358594
2269	05593017
2270	02019716
2271	01734300
2272	01448100
2273	01170813
2274	07209305
2275	05273684
2276	00916123
2277	05989479
2278	06095022
2279	00726300
2280	00992041
2281	11414411
2282	01259458
2283	10035430
2284	03699975
2285	00930368
2286	01016316
2287	05807306
2288	05545212
2289	14298815
2290	07365849
2291	00445802
2292	13939892
2293	01619929
2294	14474052
2295	00689344
2296	00099951
2297	00732552
2298	05694791
2299	08626080
2300	01241073
2301	02115778
2302	04360501
2303	05941423
2304	01602318
2305	05338410
2306	01437254
2307	02981759
2308	01636397
2309	02079933
2310	06757891
2311	02567147
2312	09762385
2313	01207951
2314	00692329
2315	05982152
2316	01206218
2317	01236164
2318	01751545
2319	05470189
2320	05704096
2321	05436080
2322	05559256
2323	01999423
2324	05447599
2325	00022686
2326	05566504
2327	10063461
2328	01008801
2329	10339504
2330	15257553
2331	10066732
2332	01077887
2333	00869596
2334	10056103
2335	10214062
2336	00843468
2337	08376051
2338	01452255
2339	01259691
2340	00156625
2341	00641252
2342	00746718
2343	04007894
2344	02684924
2345	05043973
2346	08663354
2347	10435988
2348	00815801
2349	10418101
2350	02339413
2351	07160883
2352	10412055
2353	06060845
2354	14548343
2355	01788733
2356	00717358
2357	01049685
2358	10596689
2359	05299178
2360	10641551
2361	15144371
2362	09977660
2363	00429322
2364	13426376
2365	04529962
2366	02698944
2367	04213626
2368	00368109
2369	00874621
2370	01447257
2371	00357275
2372	07162680
2373	06731510
2374	05602132
2375	01345109
2376	00818466
2377	02586121
2378	04892084
2379	07234230
2380	05435277
2381	01075164
2382	00593732
2383	00403401
2384	02713097
2385	00903385
2386	00125841
2387	00604811
2388	05462315
2389	05599203
2390	02376958
2391	02462828
2392	01774136
2393	02962200
2394	09820263
2395	05555688
2396	02660819
2397	09179776
2398	10665698
2399	00045646
2400	02569790
2401	04187233
2402	07183151
2403	00938247
2404	10741590
2405	02983097
2406	02616713
2407	00397760
2408	00566298
2409	02130300
2410	01763813
2411	01144133
2412	00643250
2413	05367341
2414	05314639
2415	01170962
2416	05549061
2417	00965035
2418	00684480
2419	02504131
2420	02634265
2421	10466918
2422	09615465
2423	03748886
2424	05609884
2425	02610845
2426	05952979
2427	10717589
2428	06197664
2429	04836683
2430	00242583
2431	07242104
2432	05199286
2433	04618070
2434	03918737
2435	01082454
2436	00996969
2437	00257535
2438	07497976
2439	00319176
2440	00055315
2441	05343718
2442	05190804
2443	00426581
2444	05611302
2445	02321009
2446	05273822
2447	00674607
2448	06037666
2449	01217043
2450	00324384
2451	00850501
2452	02364448
2453	00828082
2454	07325190
2455	04689660
2456	07323922
2457	06887726
2458	00613393
2459	00632627
2460	04451818
2461	10786033
2462	03575240
2463	05319936
2464	00734054
2465	00548802
2466	00036762
2467	07160116
2468	01322509
2469	05577190
2470	06783598
2471	01732172
2472	05515670
2473	02722782
2474	00968211
2475	05633385
2476	00635012
2477	01169317
2478	01225783
2479	00205046
2480	10728998
2481	05398609
2482	03061505
2483	00872886
2484	05566919
2485	13859043
2486	05314255
2487	06650070
2488	03122748
2489	02689299
2490	00874067
2491	02406916
2492	14407899
2493	00757544
2494	02062212
2495	01941093
2496	07149836
2497	07518468
2498	05996646
2499	05850823
2500	13780719
2501	00962447
2502	01160031
2503	10418841
2504	01824244
2505	00550771
2506	02461723
2507	14406573
2508	01017320
2509	00672433
2510	09997404
2511	01449974
2512	05563770
2513	13534274
2514	10480018
2515	11458624
2516	02853449
2517	07528470
2518	05051249
2519	01108148
2520	02152212
2521	07965085
2522	04668819
2523	04152387
2524	10205457
2525	05547396
2526	01336635
2527	04261116
2528	14050143
2529	01930874
2530	08651247
2531	02154312
2532	03387016
2533	05433496
2534	10605848
2535	01651293
2536	05471629
2537	01082606
2538	01933900
2539	01641914
2540	09755241
2541	00714884
2542	00807461
2543	00708980
2544	00933821
2545	05233420
2546	07251984
2547	01079873
2548	00719734
2549	00168658
2550	05917477
2551	05689249
2552	05472032
2553	02128066
2554	00151087
2555	01653873
2556	05293597
2557	05576950
2558	00403149
2559	02128286
2560	05902545
2561	02378623
2562	02440523
2563	10355449
2564	05735478
2565	00091968
2566	02888133
2567	07993279
2568	02151625
2569	05930736
2570	00747418
2571	14559983
2572	10745894
2573	15142167
2574	05831939
2575	01407904
2576	02455407
2577	07370671
2578	01173965
2579	14373582
2580	03450018
2581	10498422
2582	00912960
2583	00706975
2584	10577284
2585	05541645
2586	00455599
2587	00681429
2588	05485314
2589	10637635
2590	10517826
2591	01111816
2592	10404672
2593	13857486
2594	00572489
2595	05702275
2596	10292316
2597	10433164
2598	02418686
2599	02589013
2600	01062817
2601	13536016
2602	04662951
2603	05828102
2604	00121366
2605	06324475
2606	00932324
2607	10429965
2608	00344040
2609	01039162
2610	03327841
2611	01079172
2612	07214432
2613	05286536
2614	01468576
2615	01505254
2616	00492677
2617	05237227
2618	02559752
2619	10003283
2620	02700867
2621	00511817
2622	00043411
2623	05839024
2624	01173038
2625	01767949
2626	01261490
2627	02354537
2628	03840327
2629	07328942
2630	01769843
2631	05271814
2632	00842989
2633	00892467
2634	00159177
2635	00024720
2636	10363913
2637	01120069
2638	05827253
2639	00124880
2640	00703512
2641	05529159
2642	07440979
2643	00893741
2644	01350994
2645	09976429
2646	07452699
2647	05138488
2648	05476754
2649	02260362
2650	01239359
2651	01647229
2652	05373790
2653	00002137
2654	06628861
2655	10162991
2656	00031921
2657	00011757
2658	00125629
2659	00685638
2660	05794403
2661	02945971
2662	02116118
2663	03313873
2664	08406486
2665	00954608
2666	06605897
2667	00205885
2668	00807178
2669	01506583
2670	10705615
2671	06083243
2672	05546540
2673	04384016
2674	01100145
2675	06260121
2676	00336922
2677	02035337
2678	05598147
2679	05528854
2680	06634376
2681	02789271
2682	01925372
2683	06199702
2684	02108377
2685	01311378
2686	01253060
2687	13583724
2688	01685313
2689	08058098
2690	05726596
2691	01841079
2692	10046527
2693	06075527
2694	01229976
2695	05284333
2696	04184435
2697	06649567
2698	10018021
2699	13812607
2700	01378556
2701	00317888
2702	13413493
2703	13446390
2704	09385911
2705	10708454
2706	00155298
2707	02390470
2708	05772356
2709	00835294
2710	04019101
2711	00740053
2712	02531625
2713	00034213
2714	01088381
2715	00046522
2716	05701363
2717	00813044
2718	05263850
2719	15257416
2720	07547805
2721	01080366
2722	05269901
2723	04564698
2724	10495756
2725	10794014
2726	01435380
2727	05872982
2728	05941210
2729	00043902
2730	00835903
2731	01346978
2732	04812268
2733	03638883
2734	09855630
2735	01635176
2736	05417975
2737	03398467
2738	09610660
2739	05340599
2740	09802239
2741	00812526
2742	01803380
2743	01825671
2744	03619396
2745	02037272
