0	(2448, 2671)
1	(2304, 2520)
2	(1162, 2057)
3	(879, 2357)
4	(555, 1651)
5	(729, 2245)
6	(909, 979)
7	(1753, 2222)
8	(1350, 2466)
9	(353, 456)
10	(850, 1213)
11	(764, 2225)
12	(1255, 1738)
13	(170, 2472)
14	(1147, 1894)
15	(2350, 2744)
16	(158, 1710)
17	(1412, 2245)
18	(75, 1268)
19	(1095, 2023)
20	(1476, 2001)
21	(1082, 2130)
22	(582, 708)
23	(947, 2656)
24	(1519, 2699)
25	(1833, 2200)
26	(2186, 2658)
27	(1002, 1858)
28	(808, 1206)
29	(227, 296)
30	(1040, 2142)
31	(796, 1761)
32	(800, 1331)
33	(1255, 2659)
34	(1362, 1811)
35	(2130, 2512)
36	(427, 2352)
37	(762, 2615)
38	(2563, 2636)
39	(3, 1392)
40	(1635, 2652)
41	(750, 1189)
42	(917, 1444)
43	(1551, 2483)
44	(1284, 1573)
45	(2, 1124)
46	(411, 436)
47	(705, 871)
48	(1456, 2511)
49	(1336, 1517)
50	(25, 393)
51	(1152, 1993)
52	(659, 694)
53	(1656, 2127)
54	(2572, 2587)
55	(2615, 2669)
56	(694, 1270)
57	(487, 1605)
58	(2047, 2517)
59	(975, 1703)
60	(1669, 2061)
61	(860, 1327)
62	(55, 2103)
63	(1177, 1419)
64	(12, 1000)
65	(362, 375)
66	(568, 909)
67	(2071, 2262)
68	(867, 2335)
69	(978, 2000)
70	(1159, 1997)
71	(1517, 2263)
72	(43, 948)
73	(332, 2658)
74	(1170, 1314)
75	(923, 2007)
76	(2162, 2595)
77	(328, 1072)
78	(1482, 1594)
79	(231, 392)
80	(1006, 2359)
81	(1535, 2678)
82	(116, 2230)
83	(948, 1592)
84	(46, 444)
85	(609, 2268)
86	(1873, 2351)
87	(713, 1437)
88	(1043, 2311)
89	(29, 1146)
90	(923, 1824)
91	(516, 2003)
92	(1234, 2056)
93	(114, 1143)
94	(1434, 2163)
95	(907, 2372)
96	(1329, 2542)
97	(311, 583)
98	(158, 769)
99	(1177, 1292)
100	(841, 2052)
101	(1412, 1858)
102	(1662, 2158)
103	(569, 840)
104	(401, 2258)
105	(1966, 2497)
106	(1633, 2075)
107	(417, 1078)
108	(438, 884)
109	(117, 437)
110	(1862, 2403)
111	(1073, 1574)
112	(944, 2041)
113	(245, 954)
114	(442, 677)
115	(632, 1768)
116	(1635, 2172)
117	(281, 1463)
118	(1767, 2034)
119	(1510, 2375)
120	(2190, 2637)
121	(287, 409)
122	(1113, 1851)
123	(621, 1610)
124	(711, 2410)
125	(458, 1587)
126	(88, 2634)
127	(1716, 2484)
128	(47, 2313)
129	(1037, 1277)
130	(1672, 1836)
131	(456, 2628)
132	(19, 413)
133	(850, 2335)
134	(281, 1916)
135	(2211, 2594)
136	(309, 1029)
137	(2017, 2475)
138	(282, 2262)
139	(1670, 1836)
140	(1110, 2610)
141	(11, 92)
142	(980, 2143)
143	(1379, 1486)
144	(1038, 2331)
145	(550, 2518)
146	(827, 1639)
147	(2008, 2449)
148	(76, 1961)
149	(823, 2155)
150	(295, 1724)
151	(422, 617)
152	(1975, 2087)
153	(296, 1156)
154	(1666, 2435)
155	(646, 2170)
156	(501, 1693)
157	(1096, 1894)
158	(1144, 2742)
159	(1299, 1539)
160	(1717, 2333)
161	(1280, 2745)
162	(502, 1219)
163	(1453, 1961)
164	(279, 2194)
165	(564, 2511)
166	(1458, 2370)
167	(1499, 2153)
168	(1579, 1812)
169	(518, 1585)
170	(2013, 2201)
171	(913, 1930)
172	(567, 572)
173	(66, 904)
174	(1910, 2458)
175	(141, 2730)
176	(874, 1561)
177	(140, 1646)
178	(375, 397)
179	(633, 1559)
180	(979, 1815)
181	(456, 479)
182	(807, 2376)
183	(2319, 2552)
184	(236, 2242)
185	(838, 2024)
186	(716, 1643)
187	(594, 2494)
188	(1019, 1168)
189	(495, 2302)
190	(1086, 1165)
191	(1510, 1979)
192	(117, 970)
193	(1361, 2667)
194	(517, 2454)
195	(354, 1201)
196	(112, 1587)
197	(1585, 1842)
198	(1087, 1166)
199	(179, 673)
200	(1272, 2191)
201	(1899, 1975)
202	(721, 1237)
203	(783, 1594)
204	(378, 1790)
205	(73, 2252)
206	(649, 1384)
207	(1721, 2105)
208	(1007, 1623)
209	(468, 2037)
210	(837, 1890)
211	(1174, 1342)
212	(36, 159)
213	(58, 1527)
214	(2004, 2009)
215	(668, 905)
216	(874, 2412)
217	(1095, 1917)
218	(1474, 2587)
219	(1609, 1917)
220	(1650, 2498)
221	(72, 246)
222	(858, 1598)
223	(1989, 2515)
224	(756, 2030)
225	(1046, 2290)
226	(614, 2128)
227	(1243, 2431)
228	(388, 1410)
229	(928, 1506)
230	(302, 1081)
231	(1125, 1645)
232	(255, 2629)
233	(1141, 2241)
234	(1946, 2511)
235	(785, 1834)
236	(1254, 1772)
237	(333, 560)
238	(1153, 2445)
239	(1896, 2509)
240	(1034, 1504)
241	(873, 1060)
242	(337, 971)
243	(313, 1226)
244	(240, 2031)
245	(459, 1721)
246	(231, 1039)
247	(569, 1102)
248	(1286, 2580)
249	(164, 2568)
250	(293, 750)
251	(926, 2515)
252	(2222, 2573)
253	(1314, 1317)
254	(321, 2364)
255	(1972, 2234)
256	(729, 2514)
257	(555, 1102)
258	(1105, 2198)
259	(1399, 1891)
260	(1712, 1717)
261	(289, 967)
262	(370, 1716)
263	(1239, 1759)
264	(22, 1561)
265	(685, 2705)
266	(900, 2056)
267	(1920, 2686)
268	(368, 778)
269	(1588, 1814)
270	(391, 1288)
271	(2725, 2738)
272	(1210, 1732)
273	(2639, 2715)
274	(194, 375)
275	(807, 2421)
276	(248, 1492)
277	(169, 1856)
278	(812, 1081)
279	(541, 2419)
280	(2142, 2589)
281	(49, 351)
282	(662, 859)
283	(68, 1887)
284	(245, 1733)
285	(326, 2130)
286	(1354, 1681)
287	(750, 1159)
288	(635, 807)
289	(251, 1910)
290	(1168, 2021)
291	(76, 611)
292	(818, 988)
293	(916, 1609)
294	(1958, 2295)
295	(111, 641)
296	(375, 1900)
297	(885, 934)
298	(1359, 1629)
299	(310, 606)
300	(1476, 2548)
301	(2123, 2279)
302	(683, 1643)
303	(750, 2007)
304	(1259, 2382)
305	(68, 518)
306	(884, 1015)
307	(1443, 2222)
308	(1175, 1712)
309	(793, 1623)
310	(1559, 2634)
311	(133, 2474)
312	(67, 1989)
313	(972, 1801)
314	(489, 1366)
315	(721, 1726)
316	(1751, 2279)
317	(1605, 2462)
318	(141, 2506)
319	(703, 1625)
320	(627, 2113)
321	(744, 2038)
322	(520, 1205)
323	(247, 1833)
324	(466, 1288)
325	(399, 490)
326	(1244, 1624)
327	(0, 2272)
328	(67, 785)
329	(75, 2100)
330	(2188, 2482)
331	(305, 2657)
332	(1644, 1662)
333	(1933, 2173)
334	(1890, 2587)
335	(197, 1106)
336	(286, 2530)
337	(467, 683)
338	(576, 1871)
339	(588, 2622)
340	(533, 1704)
341	(760, 977)
342	(334, 2100)
343	(249, 1735)
344	(1, 1808)
345	(1140, 1268)
346	(979, 1446)
347	(1156, 2726)
348	(834, 904)
349	(256, 2241)
350	(1235, 2034)
351	(736, 886)
352	(528, 929)
353	(2186, 2317)
354	(1143, 2548)
355	(2014, 2142)
356	(370, 674)
357	(2083, 2661)
358	(1916, 2241)
359	(109, 1459)
360	(698, 2448)
361	(599, 2230)
362	(428, 2164)
363	(1628, 2333)
364	(918, 2431)
365	(456, 1779)
366	(1623, 2322)
367	(1324, 2191)
368	(992, 2058)
369	(2233, 2252)
370	(644, 2219)
371	(1379, 1846)
372	(22, 2310)
373	(1463, 2241)
374	(723, 2399)
375	(794, 1321)
376	(1588, 2184)
377	(31, 2169)
378	(1386, 1769)
379	(800, 2582)
380	(126, 2350)
381	(1761, 2692)
382	(76, 245)
383	(483, 1953)
384	(1, 1130)
385	(1162, 2422)
386	(146, 2017)
387	(1619, 1623)
388	(622, 1023)
389	(717, 1851)
390	(146, 1767)
391	(567, 2587)
392	(2065, 2698)
393	(1629, 1761)
394	(958, 1151)
395	(36, 2423)
396	(50, 1134)
397	(906, 1175)
398	(74, 372)
399	(805, 1121)
400	(1510, 2150)
401	(254, 291)
402	(1299, 2138)
403	(96, 560)
404	(1112, 2694)
405	(568, 860)
406	(608, 1393)
407	(363, 531)
408	(580, 1375)
409	(1583, 1799)
410	(1068, 2279)
411	(330, 2252)
412	(1467, 2395)
413	(525, 1266)
414	(1207, 1788)
415	(1613, 1761)
416	(1615, 2342)
417	(1347, 1707)
418	(853, 2415)
419	(965, 2051)
420	(123, 1972)
421	(855, 1057)
422	(173, 753)
423	(696, 1940)
424	(2449, 2508)
425	(262, 1193)
426	(335, 745)
427	(1234, 1292)
428	(199, 1532)
429	(454, 2625)
430	(36, 555)
431	(482, 593)
432	(2095, 2295)
433	(874, 2563)
434	(1551, 2286)
435	(503, 1853)
436	(2503, 2738)
437	(1269, 1679)
438	(917, 1400)
439	(156, 1842)
440	(193, 1147)
441	(782, 2605)
442	(473, 1319)
443	(786, 1761)
444	(229, 1640)
445	(2029, 2198)
446	(1007, 1360)
447	(773, 2265)
448	(679, 1942)
449	(550, 601)
450	(1181, 2252)
451	(874, 2454)
452	(972, 1093)
453	(994, 1147)
454	(1290, 1662)
455	(1443, 1547)
456	(846, 1051)
457	(994, 1198)
458	(1355, 2113)
459	(334, 1927)
460	(1003, 1264)
461	(481, 2597)
462	(2091, 2307)
463	(426, 2128)
464	(376, 410)
465	(766, 1047)
466	(1514, 2459)
467	(2607, 2734)
468	(216, 2509)
469	(561, 1063)
470	(171, 445)
471	(435, 2469)
472	(1546, 1604)
473	(705, 2682)
474	(25, 1617)
475	(876, 1110)
476	(716, 1571)
477	(22, 741)
478	(4, 886)
479	(48, 2467)
480	(1045, 2144)
481	(2129, 2658)
482	(124, 1906)
483	(87, 2347)
484	(104, 2103)
485	(1399, 2161)
486	(1075, 2726)
487	(1102, 1613)
488	(78, 644)
489	(2379, 2632)
490	(736, 1851)
491	(252, 532)
492	(897, 1954)
493	(999, 2333)
494	(1468, 2100)
495	(1438, 2694)
496	(892, 2386)
497	(882, 945)
498	(685, 2136)
499	(1560, 2733)
500	(794, 2479)
501	(843, 2013)
502	(34, 1356)
503	(1348, 1379)
504	(1794, 2057)
505	(1372, 2104)
506	(539, 1332)
507	(608, 2181)
508	(534, 2684)
509	(438, 2265)
510	(220, 1633)
511	(1755, 2420)
512	(795, 819)
513	(1712, 2402)
514	(890, 1747)
515	(1213, 2311)
516	(496, 2531)
517	(1160, 2489)
518	(1862, 2471)
519	(1804, 2261)
520	(2695, 2722)
521	(444, 861)
522	(626, 1445)
523	(2192, 2667)
524	(841, 1070)
525	(1033, 1116)
526	(1925, 2712)
527	(424, 1925)
528	(1495, 1651)
529	(185, 2479)
530	(2416, 2650)
531	(365, 1271)
532	(546, 1671)
533	(531, 716)
534	(202, 2415)
535	(1758, 1779)
536	(2232, 2560)
537	(1821, 1881)
538	(1741, 2535)
539	(894, 2509)
540	(42, 2498)
541	(667, 790)
542	(268, 1536)
543	(466, 602)
544	(617, 940)
545	(44, 1934)
546	(212, 1800)
547	(1929, 2237)
548	(2018, 2066)
549	(1770, 1835)
550	(281, 1978)
551	(673, 1143)
552	(1999, 2343)
553	(1120, 2198)
554	(1447, 1856)
555	(890, 979)
556	(115, 2509)
557	(787, 1753)
558	(569, 2583)
559	(159, 2623)
560	(1489, 2391)
561	(531, 588)
562	(410, 1333)
563	(697, 1436)
564	(1361, 2479)
565	(1085, 1791)
566	(643, 1211)
567	(1122, 2412)
568	(2539, 2651)
569	(62, 2259)
570	(303, 2350)
571	(281, 2025)
572	(2047, 2603)
573	(2119, 2266)
574	(699, 1893)
575	(202, 1302)
576	(737, 1177)
577	(1690, 1908)
578	(236, 1226)
579	(1851, 2087)
580	(331, 887)
581	(1717, 1990)
582	(429, 1467)
583	(12, 2599)
584	(375, 2623)
585	(1208, 1546)
586	(257, 2683)
587	(1419, 2626)
588	(242, 1386)
589	(2507, 2579)
590	(549, 568)
591	(735, 2621)
592	(30, 341)
593	(747, 1794)
594	(84, 2199)
595	(1160, 1867)
596	(2377, 2630)
597	(1750, 2091)
598	(414, 2368)
599	(1109, 2436)
600	(667, 2495)
601	(142, 1952)
602	(1779, 2681)
603	(1718, 2101)
604	(25, 2048)
605	(1471, 1705)
606	(904, 2585)
607	(750, 1147)
608	(1159, 1910)
609	(1768, 1840)
610	(400, 2081)
611	(219, 2105)
612	(717, 1127)
613	(22, 655)
614	(2278, 2622)
615	(1051, 1523)
616	(833, 1469)
617	(1013, 1169)
618	(1088, 1235)
619	(260, 2375)
620	(1757, 2658)
621	(469, 1565)
622	(214, 960)
623	(1003, 2148)
624	(864, 1738)
625	(1296, 1618)
626	(649, 1381)
627	(48, 883)
628	(1191, 1931)
629	(1416, 1739)
630	(2538, 2675)
631	(1829, 2125)
632	(1851, 2261)
633	(1183, 1695)
634	(2047, 2202)
635	(665, 721)
636	(179, 1143)
637	(1136, 2253)
638	(1932, 2483)
639	(520, 2637)
640	(40, 2200)
641	(19, 686)
642	(1196, 1611)
643	(1017, 2298)
644	(1098, 1608)
645	(856, 2672)
646	(1445, 1893)
647	(1479, 2375)
648	(593, 739)
649	(2089, 2325)
650	(1419, 2340)
651	(35, 337)
652	(209, 2272)
653	(377, 2694)
654	(1189, 1847)
655	(948, 1832)
656	(250, 1681)
657	(718, 2025)
658	(291, 2237)
659	(937, 1667)
660	(12, 1760)
661	(1536, 1987)
662	(886, 1450)
663	(886, 1690)
664	(60, 886)
665	(886, 2373)
666	(1320, 1450)
667	(173, 1450)
668	(447, 1450)
669	(355, 2587)
670	(248, 1253)
671	(1650, 1956)
672	(604, 1423)
673	(108, 2254)
674	(1524, 2114)
675	(1318, 2356)
676	(941, 2711)
677	(205, 551)
678	(1586, 1837)
679	(134, 1745)
680	(733, 841)
681	(1007, 1653)
682	(112, 601)
683	(1274, 1499)
684	(1175, 2541)
685	(2110, 2245)
686	(630, 1131)
687	(475, 2676)
688	(2065, 2112)
689	(1344, 1685)
690	(1236, 1525)
691	(188, 2555)
692	(1107, 1276)
693	(1710, 1803)
694	(1925, 2480)
695	(234, 1849)
696	(1325, 1772)
697	(12, 1433)
698	(399, 1293)
699	(1558, 1783)
700	(225, 2207)
701	(116, 599)
702	(36, 1339)
703	(1271, 2214)
704	(1576, 2436)
705	(1608, 2432)
706	(1851, 2485)
707	(280, 1925)
708	(1702, 2715)
709	(1231, 2208)
710	(47, 2639)
711	(1742, 1804)
712	(236, 823)
713	(1184, 1363)
714	(1321, 2033)
715	(2159, 2325)
716	(1945, 2194)
717	(1434, 1506)
718	(1577, 2379)
719	(2170, 2664)
720	(111, 2047)
721	(2115, 2467)
722	(1858, 1933)
723	(1989, 2007)
724	(1037, 2455)
725	(183, 1080)
726	(476, 1719)
727	(1541, 1719)
728	(1719, 2334)
729	(1719, 2288)
730	(476, 1943)
731	(214, 476)
732	(476, 1206)
733	(2369, 2668)
734	(683, 2485)
735	(385, 1629)
736	(363, 1194)
737	(529, 1662)
738	(1851, 1996)
739	(542, 2447)
740	(1143, 2001)
741	(697, 2187)
742	(25, 516)
743	(750, 1978)
744	(300, 2462)
745	(1351, 1796)
746	(711, 1233)
747	(749, 1103)
748	(20, 1411)
749	(453, 904)
750	(1848, 1907)
751	(2223, 2710)
752	(1250, 2735)
753	(721, 2276)
754	(1507, 2520)
755	(299, 2082)
756	(644, 1849)
757	(481, 869)
758	(2257, 2314)
759	(631, 1908)
760	(34, 1821)
761	(2494, 2578)
762	(1010, 1767)
763	(287, 1710)
764	(317, 2726)
765	(945, 2624)
766	(2336, 2632)
767	(2086, 2205)
768	(1499, 1651)
769	(850, 1812)
770	(1364, 2296)
771	(634, 1493)
772	(299, 2108)
773	(1616, 2018)
774	(548, 1136)
775	(1177, 1863)
776	(1859, 1864)
777	(987, 1671)
778	(1556, 2280)
779	(1131, 1954)
780	(2040, 2691)
781	(37, 390)
782	(163, 801)
783	(981, 1122)
784	(282, 2388)
785	(914, 1173)
786	(26, 1547)
787	(1767, 2708)
788	(1558, 1605)
789	(1628, 2593)
790	(2369, 2490)
791	(540, 2483)
792	(227, 802)
793	(724, 2300)
794	(294, 2596)
795	(517, 1547)
796	(461, 1922)
797	(1030, 1293)
798	(593, 2318)
799	(86, 252)
800	(175, 687)
801	(1573, 1580)
802	(1264, 1972)
803	(648, 800)
804	(886, 1634)
805	(1344, 1771)
806	(918, 1175)
807	(1257, 1551)
808	(966, 2479)
809	(72, 1315)
810	(1470, 1494)
811	(1294, 2544)
812	(518, 1779)
813	(734, 1048)
814	(631, 874)
815	(1865, 1883)
816	(696, 1703)
817	(780, 2358)
818	(1334, 2617)
819	(1280, 1403)
820	(803, 1851)
821	(1483, 1491)
822	(54, 535)
823	(40, 2287)
824	(822, 1962)
825	(1736, 2510)
826	(2029, 2521)
827	(1833, 2475)
828	(864, 2200)
829	(1953, 2630)
830	(1076, 2635)
831	(766, 1035)
832	(730, 2491)
833	(1343, 2176)
834	(444, 590)
835	(725, 1168)
836	(1921, 2501)
837	(531, 1925)
838	(676, 1368)
839	(737, 2662)
840	(2041, 2553)
841	(1816, 2120)
842	(499, 1547)
843	(856, 1612)
844	(470, 570)
845	(3, 778)
846	(793, 1268)
847	(1517, 1728)
848	(438, 2491)
849	(1257, 2264)
850	(1188, 1465)
851	(1741, 2017)
852	(1621, 1946)
853	(2312, 2632)
854	(919, 1304)
855	(1448, 1629)
856	(255, 555)
857	(317, 2309)
858	(829, 2537)
859	(189, 419)
860	(128, 2711)
861	(2336, 2379)
862	(1438, 1708)
863	(1721, 1909)
864	(1185, 1578)
865	(37, 913)
866	(616, 1076)
867	(2591, 2729)
868	(14, 1856)
869	(462, 2282)
870	(739, 1704)
871	(2083, 2307)
872	(87, 1089)
873	(2375, 2608)
874	(780, 1188)
875	(48, 2052)
876	(50, 1431)
877	(2422, 2510)
878	(1099, 1652)
879	(61, 1921)
880	(1307, 2652)
881	(923, 1904)
882	(697, 1060)
883	(1305, 2587)
884	(405, 943)
885	(152, 1547)
886	(1264, 1868)
887	(2141, 2722)
888	(905, 2667)
889	(2189, 2479)
890	(1030, 2627)
891	(1941, 2419)
892	(283, 1941)
893	(1941, 2289)
894	(1941, 2150)
895	(1345, 2419)
896	(105, 2419)
897	(932, 2419)
898	(94, 1622)
899	(1471, 2619)
900	(118, 2186)
901	(343, 649)
902	(189, 373)
903	(192, 621)
904	(768, 1376)
905	(221, 2615)
906	(826, 905)
907	(344, 1101)
908	(1710, 1981)
909	(148, 200)
910	(1116, 1687)
911	(236, 1003)
912	(817, 1147)
913	(213, 1147)
914	(1027, 1928)
915	(163, 1528)
916	(349, 1319)
917	(210, 1010)
918	(2086, 2512)
919	(1408, 2156)
920	(1605, 2723)
921	(428, 1914)
922	(531, 1853)
923	(349, 807)
924	(1517, 1860)
925	(833, 1514)
926	(78, 332)
927	(64, 1709)
928	(1523, 2422)
929	(836, 1083)
930	(1366, 1493)
931	(2252, 2680)
932	(397, 1469)
933	(1138, 2629)
934	(1711, 2678)
935	(2448, 2734)
936	(2096, 2297)
937	(2354, 2565)
938	(147, 750)
939	(714, 1738)
940	(907, 1696)
941	(2242, 2704)
942	(260, 2731)
943	(94, 143)
944	(370, 593)
945	(119, 1907)
946	(552, 2741)
947	(255, 1561)
948	(1553, 2313)
949	(1088, 2018)
950	(1347, 1445)
951	(850, 1200)
952	(728, 2587)
953	(24, 1543)
954	(25, 2250)
955	(605, 1455)
956	(909, 1202)
957	(190, 1025)
958	(348, 422)
959	(638, 2221)
960	(1216, 2400)
961	(526, 1119)
962	(89, 2272)
963	(886, 1668)
964	(575, 1804)
965	(487, 2367)
966	(327, 1052)
967	(805, 1408)
968	(37, 1713)
969	(1413, 2236)
970	(926, 1763)
971	(769, 1871)
972	(357, 1730)
973	(392, 2200)
974	(195, 374)
975	(153, 650)
976	(1563, 2442)
977	(933, 2721)
978	(595, 696)
979	(934, 1599)
980	(1045, 2090)
981	(760, 2374)
982	(301, 2293)
983	(638, 1048)
984	(1787, 2490)
985	(436, 1167)
986	(1645, 2265)
987	(2195, 2738)
988	(102, 1965)
989	(1792, 1965)
990	(1247, 2004)
991	(847, 1933)
992	(1326, 2222)
993	(138, 2578)
994	(1574, 2177)
995	(1712, 2510)
996	(101, 1333)
997	(392, 1251)
998	(511, 1037)
999	(1042, 2091)
1000	(1174, 2397)
1001	(88, 1057)
1002	(547, 677)
1003	(718, 2241)
1004	(419, 685)
1005	(388, 2137)
1006	(257, 2447)
1007	(1620, 1821)
1008	(853, 1218)
1009	(96, 2065)
1010	(544, 1218)
1011	(1280, 2677)
1012	(284, 2509)
1013	(286, 549)
1014	(33, 2718)
1015	(897, 1308)
1016	(177, 685)
1017	(608, 1387)
1018	(777, 1199)
1019	(1275, 1536)
1020	(631, 2012)
1021	(967, 1561)
1022	(520, 776)
1023	(1527, 2732)
1024	(1176, 1761)
1025	(174, 2310)
1026	(756, 1483)
1027	(483, 1684)
1028	(962, 2257)
1029	(47, 366)
1030	(627, 2737)
1031	(298, 1374)
1032	(78, 2317)
1033	(2200, 2612)
1034	(1424, 1907)
1035	(1174, 2634)
1036	(862, 1328)
1037	(67, 2042)
1038	(882, 2608)
1039	(615, 1055)
1040	(364, 1116)
1041	(268, 2076)
1042	(828, 906)
1043	(1151, 1871)
1044	(1398, 2067)
1045	(1243, 2402)
1046	(1377, 2319)
1047	(2211, 2283)
1048	(687, 2373)
1049	(483, 511)
1050	(1687, 2441)
1051	(129, 2231)
1052	(1268, 2538)
1053	(1223, 1553)
1054	(25, 275)
1055	(1542, 2698)
1056	(1231, 1830)
1057	(73, 376)
1058	(1991, 2177)
1059	(2272, 2615)
1060	(886, 1302)
1061	(1687, 1713)
1062	(574, 1302)
1063	(1694, 2065)
1064	(91, 2406)
1065	(74, 1389)
1066	(827, 2018)
1067	(843, 1371)
1068	(646, 2651)
1069	(955, 2130)
1070	(488, 1657)
1071	(907, 2110)
1072	(824, 1946)
1073	(1668, 2051)
1074	(402, 1271)
1075	(1396, 2160)
1076	(1639, 2666)
1077	(1136, 2656)
1078	(2236, 2406)
1079	(1460, 2333)
1080	(1398, 2108)
1081	(1761, 2480)
1082	(706, 1540)
1083	(946, 1974)
1084	(252, 1618)
1085	(52, 426)
1086	(1344, 2404)
1087	(1674, 2268)
1088	(1170, 2653)
1089	(40, 744)
1090	(589, 1320)
1091	(1100, 2665)
1092	(2315, 2543)
1093	(930, 2005)
1094	(264, 1851)
1095	(445, 452)
1096	(210, 325)
1097	(471, 979)
1098	(65, 530)
1099	(755, 2018)
1100	(401, 1613)
1101	(1053, 2476)
1102	(531, 2561)
1103	(1851, 2003)
1104	(501, 2359)
1105	(2257, 2295)
1106	(1160, 1670)
1107	(1322, 1437)
1108	(1612, 1711)
1109	(1787, 2331)
1110	(492, 1400)
1111	(1827, 2617)
1112	(917, 1789)
1113	(1235, 2066)
1114	(1325, 2491)
1115	(1736, 1980)
1116	(438, 1710)
1117	(2310, 2735)
1118	(49, 881)
1119	(686, 1204)
1120	(519, 1708)
1121	(690, 1301)
1122	(506, 1910)
1123	(63, 1771)
1124	(807, 1669)
1125	(4, 1730)
1126	(1779, 1918)
1127	(1949, 2471)
1128	(375, 1358)
1129	(222, 2519)
1130	(991, 1034)
1131	(372, 1454)
1132	(1090, 2539)
1133	(2040, 2243)
1134	(1253, 1814)
1135	(702, 770)
1136	(1718, 1876)
1137	(223, 2394)
1138	(808, 1594)
1139	(86, 1266)
1140	(757, 2690)
1141	(423, 1176)
1142	(1218, 1448)
1143	(1745, 2417)
1144	(198, 2722)
1145	(1128, 2709)
1146	(1374, 2650)
1147	(231, 1706)
1148	(521, 778)
1149	(348, 609)
1150	(1131, 2286)
1151	(809, 1423)
1152	(750, 2691)
1153	(403, 913)
1154	(1127, 2087)
1155	(1208, 1462)
1156	(886, 1194)
1157	(828, 918)
1158	(422, 609)
1159	(1386, 2407)
1160	(1271, 2569)
1161	(1761, 2427)
1162	(1850, 2477)
1163	(279, 2654)
1164	(662, 1594)
1165	(1634, 2350)
1166	(666, 1391)
1167	(430, 2161)
1168	(1472, 1790)
1169	(1626, 2526)
1170	(326, 1313)
1171	(193, 1263)
1172	(320, 2079)
1173	(2613, 2722)
1174	(183, 1022)
1175	(1240, 2678)
1176	(405, 976)
1177	(1761, 2698)
1178	(307, 423)
1179	(696, 1715)
1180	(545, 2104)
1181	(323, 1486)
1182	(1023, 2676)
1183	(392, 1885)
1184	(656, 1786)
1185	(292, 2445)
1186	(496, 1395)
1187	(1662, 2046)
1188	(1339, 1829)
1189	(1740, 2388)
1190	(13, 636)
1191	(1085, 1838)
1192	(1114, 2009)
1193	(1540, 1545)
1194	(1114, 1509)
1195	(815, 862)
1196	(1028, 2037)
1197	(781, 2091)
1198	(130, 2529)
1199	(1797, 1865)
1200	(595, 1302)
1201	(1030, 2254)
1202	(1623, 2102)
1203	(1178, 1234)
1204	(520, 1683)
1205	(661, 1976)
1206	(70, 936)
1207	(2007, 2726)
1208	(689, 2007)
1209	(1469, 1900)
1210	(1276, 1567)
1211	(555, 1561)
1212	(1756, 1897)
1213	(1008, 2211)
1214	(360, 2331)
1215	(1268, 2726)
1216	(1635, 2512)
1217	(932, 1651)
1218	(695, 2304)
1219	(746, 1265)
1220	(530, 1869)
1221	(86, 1781)
1222	(256, 790)
1223	(1281, 1908)
1224	(152, 2170)
1225	(183, 612)
1226	(1470, 1952)
1227	(99, 2478)
1228	(438, 2057)
1229	(2048, 2230)
1230	(50, 64)
1231	(735, 2598)
1232	(375, 1596)
1233	(154, 2272)
1234	(828, 1210)
1235	(918, 938)
1236	(392, 2096)
1237	(1209, 1575)
1238	(847, 1002)
1239	(695, 1456)
1240	(2485, 2656)
1241	(818, 1942)
1242	(355, 2279)
1243	(490, 1315)
1244	(1276, 1973)
1245	(1043, 2635)
1246	(1264, 1605)
1247	(43, 1592)
1248	(314, 2517)
1249	(2199, 2211)
1250	(620, 1598)
1251	(1761, 2645)
1252	(490, 1515)
1253	(1817, 2040)
1254	(1761, 2360)
1255	(424, 598)
1256	(598, 1686)
1257	(4, 2323)
1258	(1111, 1858)
1259	(1509, 2356)
1260	(1500, 2433)
1261	(699, 1347)
1262	(293, 1147)
1263	(109, 1419)
1264	(526, 630)
1265	(1209, 1735)
1266	(1280, 1983)
1267	(302, 1324)
1268	(696, 2415)
1269	(17, 2074)
1270	(33, 2722)
1271	(2136, 2640)
1272	(1147, 1473)
1273	(243, 605)
1274	(289, 1870)
1275	(182, 1874)
1276	(539, 1918)
1277	(594, 1978)
1278	(704, 2225)
1279	(2007, 2272)
1280	(1903, 2243)
1281	(632, 2662)
1282	(375, 833)
1283	(2113, 2611)
1284	(880, 1129)
1285	(973, 1745)
1286	(748, 1801)
1287	(180, 2087)
1288	(821, 2269)
1289	(371, 605)
1290	(169, 2100)
1291	(19, 2178)
1292	(1906, 2709)
1293	(579, 1935)
1294	(1758, 2608)
1295	(686, 920)
1296	(38, 1062)
1297	(1558, 2532)
1298	(215, 2131)
1299	(1493, 2222)
1300	(2232, 2547)
1301	(879, 1337)
1302	(2064, 2722)
1303	(26, 531)
1304	(1060, 1967)
1305	(140, 2666)
1306	(161, 635)
1307	(931, 2249)
1308	(1243, 1712)
1309	(2504, 2743)
1310	(1444, 1789)
1311	(800, 1609)
1312	(336, 1552)
1313	(271, 2130)
1314	(117, 2577)
1315	(633, 1843)
1316	(1243, 2581)
1317	(1189, 2474)
1318	(983, 2205)
1319	(1170, 2009)
1320	(791, 1839)
1321	(355, 2331)
1322	(874, 2222)
1323	(2316, 2427)
1324	(883, 1642)
1325	(1816, 2238)
1326	(361, 1677)
1327	(338, 1391)
1328	(1570, 2392)
1329	(407, 2129)
1330	(94, 351)
1331	(1710, 2175)
1332	(355, 685)
1333	(180, 1129)
1334	(293, 2450)
1335	(512, 1016)
1336	(674, 2352)
1337	(1088, 2034)
1338	(1650, 2670)
1339	(53, 1895)
1340	(388, 543)
1341	(1048, 1838)
1342	(1895, 2401)
1343	(2025, 2241)
1344	(882, 1836)
1345	(1824, 1933)
1346	(528, 2421)
1347	(217, 1053)
1348	(588, 2635)
1349	(1784, 2340)
1350	(198, 2416)
1351	(2007, 2511)
1352	(1110, 1586)
1353	(1537, 2210)
1354	(2061, 2410)
1355	(1575, 2094)
1356	(1686, 1741)
1357	(605, 1325)
1358	(1666, 1842)
1359	(500, 1592)
1360	(1045, 2610)
1361	(1034, 1639)
1362	(428, 2438)
1363	(854, 903)
1364	(134, 1146)
1365	(1833, 2245)
1366	(534, 2009)
1367	(585, 1750)
1368	(900, 2084)
1369	(307, 1522)
1370	(1039, 2177)
1371	(36, 2596)
1372	(1553, 2488)
1373	(161, 1270)
1374	(656, 2662)
1375	(1418, 2350)
1376	(1933, 2434)
1377	(936, 1260)
1378	(127, 1851)
1379	(183, 2522)
1380	(392, 488)
1381	(405, 2486)
1382	(116, 566)
1383	(1929, 2635)
1384	(490, 756)
1385	(2543, 2666)
1386	(1805, 2053)
1387	(1362, 1608)
1388	(180, 506)
1389	(370, 2469)
1390	(1002, 1984)
1391	(315, 462)
1392	(876, 1779)
1393	(647, 2331)
1394	(125, 392)
1395	(53, 879)
1396	(349, 1877)
1397	(631, 1174)
1398	(937, 1569)
1399	(659, 1933)
1400	(1592, 1832)
1401	(518, 1281)
1402	(874, 2245)
1403	(689, 2272)
1404	(582, 2199)
1405	(657, 2474)
1406	(658, 1567)
1407	(1336, 2017)
1408	(1433, 2738)
1409	(15, 370)
1410	(2470, 2509)
1411	(36, 255)
1412	(1106, 1304)
1413	(1293, 2030)
1414	(1557, 2403)
1415	(281, 2097)
1416	(1939, 2104)
1417	(372, 2723)
1418	(560, 1071)
1419	(978, 2643)
1420	(1993, 2272)
1421	(1214, 1512)
1422	(1433, 2217)
1423	(830, 1763)
1424	(405, 2414)
1425	(721, 1680)
1426	(347, 1145)
1427	(1212, 1884)
1428	(152, 749)
1429	(1179, 2368)
1430	(151, 2223)
1431	(407, 1359)
1432	(52, 1034)
1433	(125, 1003)
1434	(480, 2656)
1435	(375, 1484)
1436	(44, 1562)
1437	(1731, 1860)
1438	(1839, 2459)
1439	(134, 836)
1440	(498, 1225)
1441	(163, 1974)
1442	(548, 968)
1443	(995, 1761)
1444	(176, 1432)
1445	(423, 1597)
1446	(1730, 2655)
1447	(942, 1798)
1448	(2202, 2507)
1449	(2106, 2396)
1450	(1271, 1451)
1451	(650, 2490)
1452	(374, 2320)
1453	(2196, 2271)
1454	(523, 1487)
1455	(678, 2479)
1456	(1170, 1225)
1457	(534, 1170)
1458	(1168, 1264)
1459	(192, 1618)
1460	(240, 649)
1461	(214, 1790)
1462	(291, 664)
1463	(794, 2033)
1464	(972, 1619)
1465	(781, 2233)
1466	(32, 1721)
1467	(637, 2192)
1468	(886, 1964)
1469	(1663, 2735)
1470	(771, 2513)
1471	(1355, 2346)
1472	(1561, 2135)
1473	(1886, 1895)
1474	(1766, 1855)
1475	(2325, 2528)
1476	(550, 2344)
1477	(835, 1078)
1478	(1243, 2422)
1479	(27, 2453)
1480	(1112, 1764)
1481	(1816, 2621)
1482	(876, 1837)
1483	(2348, 2495)
1484	(716, 1350)
1485	(340, 1896)
1486	(1035, 1966)
1487	(779, 1996)
1488	(811, 2246)
1489	(1400, 2022)
1490	(120, 1307)
1491	(605, 1741)
1492	(1344, 1811)
1493	(2049, 2540)
1494	(496, 1039)
1495	(1842, 2435)
1496	(2146, 2617)
1497	(1484, 1514)
1498	(1280, 2079)
1499	(2479, 2667)
1500	(1798, 2634)
1501	(286, 1743)
1502	(1264, 1449)
1503	(667, 1264)
1504	(587, 1264)
1505	(1264, 2062)
1506	(536, 1449)
1507	(1449, 1468)
1508	(750, 1449)
1509	(1636, 2041)
1510	(1416, 1961)
1511	(783, 946)
1512	(1394, 1494)
1513	(379, 576)
1514	(1655, 2350)
1515	(809, 1470)
1516	(985, 1851)
1517	(380, 1445)
1518	(603, 1695)
1519	(887, 1700)
1520	(832, 1549)
1521	(671, 1130)
1522	(1840, 2047)
1523	(475, 1404)
1524	(1410, 2116)
1525	(1829, 2436)
1526	(1174, 1282)
1527	(1964, 2721)
1528	(1788, 2568)
1529	(2037, 2418)
1530	(307, 2600)
1531	(886, 2051)
1532	(1911, 2388)
1533	(897, 1767)
1534	(591, 1987)
1535	(1417, 2682)
1536	(531, 1453)
1537	(201, 2637)
1538	(680, 2490)
1539	(108, 649)
1540	(606, 1829)
1541	(311, 1089)
1542	(1623, 2099)
1543	(2129, 2316)
1544	(1416, 1428)
1545	(141, 2310)
1546	(1279, 1339)
1547	(909, 1327)
1548	(263, 1552)
1549	(2316, 2317)
1550	(675, 1614)
1551	(2055, 2131)
1552	(1138, 1843)
1553	(878, 2332)
1554	(480, 700)
1555	(1123, 1231)
1556	(140, 2606)
1557	(631, 1798)
1558	(550, 1453)
1559	(1139, 1741)
1560	(2001, 2509)
1561	(824, 1849)
1562	(400, 2459)
1563	(1067, 2134)
1564	(1975, 2230)
1565	(880, 1178)
1566	(2368, 2687)
1567	(383, 1809)
1568	(101, 732)
1569	(794, 2032)
1570	(491, 2255)
1571	(86, 913)
1572	(697, 2412)
1573	(504, 684)
1574	(1461, 2140)
1575	(1576, 2297)
1576	(428, 457)
1577	(294, 802)
1578	(157, 522)
1579	(239, 2725)
1580	(1234, 1863)
1581	(581, 818)
1582	(1058, 2418)
1583	(1658, 1690)
1584	(1544, 2705)
1585	(973, 1860)
1586	(580, 1433)
1587	(702, 1268)
1588	(375, 1514)
1589	(934, 1703)
1590	(124, 741)
1591	(1618, 2259)
1592	(938, 1351)
1593	(544, 1565)
1594	(142, 2398)
1595	(813, 2734)
1596	(764, 1867)
1597	(1171, 1605)
1598	(813, 2251)
1599	(1292, 1419)
1600	(711, 2074)
1601	(1591, 2031)
1602	(1614, 1682)
1603	(1667, 2007)
1604	(758, 2158)
1605	(2401, 2526)
1606	(1174, 1953)
1607	(1294, 2351)
1608	(374, 1796)
1609	(347, 558)
1610	(520, 1644)
1611	(1208, 1227)
1612	(552, 1842)
1613	(48, 2115)
1614	(1558, 1939)
1615	(186, 2104)
1616	(2587, 2647)
1617	(1851, 2667)
1618	(1652, 1683)
1619	(92, 2385)
1620	(935, 1761)
1621	(979, 2282)
1622	(1211, 2735)
1623	(531, 1943)
1624	(2063, 2091)
1625	(1055, 1344)
1626	(1279, 2094)
1627	(299, 2721)
1628	(165, 1452)
1629	(642, 1919)
1630	(765, 2196)
1631	(2094, 2170)
1632	(235, 1169)
1633	(1244, 2409)
1634	(48, 1364)
1635	(1704, 2613)
1636	(764, 1189)
1637	(2018, 2308)
1638	(40, 2038)
1639	(737, 2638)
1640	(2094, 2539)
1641	(1415, 2053)
1642	(764, 1670)
1643	(863, 1400)
1644	(1038, 2587)
1645	(1511, 2623)
1646	(934, 1054)
1647	(1073, 2317)
1648	(2608, 2731)
1649	(101, 2692)
1650	(1594, 1941)
1651	(1421, 1512)
1652	(587, 616)
1653	(724, 1384)
1654	(685, 1235)
1655	(392, 2554)
1656	(114, 1660)
1657	(1177, 1526)
1658	(2423, 2649)
1659	(257, 719)
1660	(803, 2016)
1661	(1116, 1781)
1662	(10, 307)
1663	(1193, 1804)
1664	(1052, 1589)
1665	(1204, 1965)
1666	(821, 2722)
1667	(2325, 2429)
1668	(1652, 1995)
1669	(159, 1651)
1670	(221, 2092)
1671	(285, 1421)
1672	(52, 1148)
1673	(142, 2091)
1674	(1168, 1220)
1675	(107, 2465)
1676	(1847, 1867)
1677	(729, 1761)
1678	(944, 1885)
1679	(704, 831)
1680	(483, 543)
1681	(1445, 1707)
1682	(1708, 1775)
1683	(972, 2099)
1684	(405, 778)
1685	(1689, 1697)
1686	(224, 466)
1687	(934, 1850)
1688	(1132, 1411)
1689	(2279, 2564)
1690	(999, 2402)
1691	(570, 2004)
1692	(624, 2067)
1693	(433, 1604)
1694	(352, 2501)
1695	(1397, 2248)
1696	(828, 2483)
1697	(879, 2523)
1698	(722, 1203)
1699	(404, 447)
1700	(1705, 1873)
1701	(340, 1255)
1702	(925, 1484)
1703	(1125, 2220)
1704	(1572, 1970)
1705	(712, 2342)
1706	(2054, 2198)
1707	(972, 2102)
1708	(187, 348)
1709	(2302, 2449)
1710	(2333, 2402)
1711	(1988, 2319)
1712	(1695, 2127)
1713	(536, 2188)
1714	(1062, 1844)
1715	(1915, 2036)
1716	(219, 1829)
1717	(958, 1871)
1718	(1119, 1352)
1719	(131, 1703)
1720	(29, 1064)
1721	(2544, 2612)
1722	(125, 2200)
1723	(948, 2479)
1724	(680, 989)
1725	(580, 916)
1726	(294, 2555)
1727	(370, 2557)
1728	(446, 621)
1729	(264, 1975)
1730	(1531, 2586)
1731	(818, 1012)
1732	(1950, 2264)
1733	(723, 2181)
1734	(1020, 1740)
1735	(468, 2081)
1736	(861, 1737)
1737	(570, 1994)
1738	(1616, 1822)
1739	(624, 2547)
1740	(650, 1059)
1741	(750, 2098)
1742	(5, 496)
1743	(852, 1173)
1744	(1606, 1732)
1745	(387, 1578)
1746	(882, 888)
1747	(878, 1547)
1748	(1826, 1966)
1749	(127, 2005)
1750	(344, 1440)
1751	(775, 1201)
1752	(450, 2257)
1753	(1854, 2371)
1754	(513, 1049)
1755	(1385, 2325)
1756	(1142, 1618)
1757	(649, 2189)
1758	(355, 1896)
1759	(418, 1391)
1760	(1163, 1546)
1761	(144, 1162)
1762	(1790, 2463)
1763	(580, 1749)
1764	(915, 2075)
1765	(1174, 1206)
1766	(641, 1526)
1767	(574, 886)
1768	(612, 2429)
1769	(392, 1872)
1770	(1414, 2240)
1771	(255, 2412)
1772	(1200, 2270)
1773	(568, 1743)
1774	(886, 975)
1775	(1302, 1964)
1776	(259, 1708)
1777	(1890, 2702)
1778	(1008, 2408)
1779	(1584, 1989)
1780	(577, 998)
1781	(929, 2376)
1782	(588, 2260)
1783	(1467, 2469)
1784	(742, 806)
1785	(2611, 2737)
1786	(850, 1173)
1787	(472, 2130)
1788	(1158, 1174)
1789	(1801, 2064)
1790	(1601, 1780)
1791	(94, 2100)
1792	(1016, 1756)
1793	(1643, 1851)
1794	(225, 1174)
1795	(51, 2496)
1796	(1164, 2537)
1797	(1202, 1982)
1798	(893, 1751)
1799	(2252, 2461)
1800	(152, 1002)
1801	(2185, 2326)
1802	(81, 1488)
1803	(847, 1829)
1804	(399, 1501)
1805	(912, 979)
1806	(200, 2045)
1807	(252, 2672)
1808	(183, 445)
1809	(2314, 2653)
1810	(781, 855)
1811	(708, 1710)
1812	(431, 1307)
1813	(1191, 1579)
1814	(1228, 2474)
1815	(1884, 2481)
1816	(1730, 2323)
1817	(132, 1116)
1818	(392, 1481)
1819	(109, 1604)
1820	(80, 552)
1821	(1889, 2082)
1822	(1759, 2044)
1823	(577, 1396)
1824	(1099, 2468)
1825	(1213, 1579)
1826	(877, 1159)
1827	(701, 1612)
1828	(1852, 1969)
1829	(957, 2316)
1830	(206, 588)
1831	(1481, 2576)
1832	(807, 879)
1833	(1571, 2598)
1834	(231, 2576)
1835	(1349, 2028)
1836	(51, 1496)
1837	(1234, 1331)
1838	(1335, 2668)
1839	(1243, 2273)
1840	(1160, 2225)
1841	(121, 1112)
1842	(737, 1768)
1843	(78, 2186)
1844	(555, 2582)
1845	(800, 1908)
1846	(335, 1904)
1847	(516, 2250)
1848	(462, 2167)
1849	(2082, 2390)
1850	(624, 1567)
1851	(800, 2041)
1852	(381, 2667)
1853	(252, 2512)
1854	(1989, 2042)
1855	(2256, 2672)
1856	(1170, 1859)
1857	(942, 1594)
1858	(413, 2347)
1859	(587, 1170)
1860	(986, 1286)
1861	(737, 1174)
1862	(628, 1877)
1863	(1086, 1262)
1864	(1273, 1953)
1865	(125, 864)
1866	(70, 1260)
1867	(1069, 2289)
1868	(951, 2533)
1869	(0, 154)
1870	(927, 2474)
1871	(727, 2005)
1872	(706, 1806)
1873	(848, 1074)
1874	(385, 1197)
1875	(961, 1735)
1876	(2553, 2612)
1877	(1579, 1931)
1878	(1294, 2612)
1879	(1090, 1784)
1880	(681, 2720)
1881	(2025, 2097)
1882	(1932, 2717)
1883	(406, 2342)
1884	(1804, 2377)
1885	(455, 987)
1886	(1092, 1292)
1887	(334, 795)
1888	(1335, 1871)
1889	(1985, 2314)
1890	(392, 810)
1891	(1354, 1969)
1892	(1188, 2241)
1893	(1308, 2403)
1894	(1249, 1581)
1895	(481, 2069)
1896	(1135, 1879)
1897	(1971, 2621)
1898	(750, 1538)
1899	(2065, 2274)
1900	(1097, 1382)
1901	(2349, 2366)
1902	(498, 534)
1903	(778, 887)
1904	(730, 2429)
1905	(613, 951)
1906	(1359, 1715)
1907	(1221, 1477)
1908	(304, 648)
1909	(309, 1415)
1910	(1264, 1855)
1911	(265, 1842)
1912	(1091, 2735)
1913	(1493, 2454)
1914	(696, 1986)
1915	(491, 1584)
1916	(641, 1292)
1917	(1037, 1177)
1918	(86, 2165)
1919	(1414, 2498)
1920	(2082, 2108)
1921	(133, 927)
1922	(1898, 2348)
1923	(911, 1944)
1924	(805, 2156)
1925	(2604, 2726)
1926	(1011, 1685)
1927	(525, 770)
1928	(557, 1467)
1929	(1279, 1956)
1930	(468, 2418)
1931	(353, 1510)
1932	(108, 1030)
1933	(1636, 1885)
1934	(543, 1021)
1935	(1144, 2451)
1936	(1285, 1933)
1937	(872, 1594)
1938	(716, 800)
1939	(530, 757)
1940	(998, 1977)
1941	(1573, 1998)
1942	(732, 1457)
1943	(775, 1807)
1944	(1417, 2062)
1945	(271, 1782)
1946	(874, 1547)
1947	(1027, 2578)
1948	(375, 2527)
1949	(1632, 2495)
1950	(16, 740)
1951	(460, 2111)
1952	(1025, 1110)
1953	(1412, 2058)
1954	(247, 2405)
1955	(29, 1319)
1956	(344, 491)
1957	(1151, 1705)
1958	(1160, 2474)
1959	(1466, 1653)
1960	(2452, 2625)
1961	(1720, 1782)
1962	(208, 904)
1963	(688, 1784)
1964	(788, 2346)
1965	(1344, 2125)
1966	(1001, 1971)
1967	(696, 1302)
1968	(952, 1817)
1969	(791, 1954)
1970	(800, 1697)
1971	(340, 958)
1972	(2312, 2422)
1973	(152, 1933)
1974	(935, 1850)
1975	(483, 575)
1976	(1050, 1864)
1977	(392, 2612)
1978	(392, 2041)
1979	(190, 1779)
1980	(783, 1193)
1981	(1137, 1322)
1982	(1092, 1464)
1983	(1550, 2150)
1984	(135, 1573)
1985	(588, 993)
1986	(71, 358)
1987	(738, 2104)
1988	(978, 1407)
1989	(63, 2547)
1990	(956, 1654)
1991	(2095, 2257)
1992	(671, 1425)
1993	(1293, 1483)
1994	(1024, 2228)
1995	(1648, 2734)
1996	(1235, 1409)
1997	(918, 1932)
1998	(1188, 2358)
1999	(332, 2575)
2000	(1144, 1208)
2001	(616, 2179)
2002	(2261, 2281)
2003	(93, 1930)
2004	(160, 2385)
2005	(2166, 2372)
2006	(2003, 2364)
2007	(949, 2437)
2008	(1405, 2299)
2009	(703, 2722)
2010	(299, 1031)
2011	(428, 2492)
2012	(778, 2413)
2013	(1334, 1622)
2014	(704, 1160)
2015	(1077, 1761)
2016	(869, 1077)
2017	(241, 2424)
2018	(1347, 1893)
2019	(744, 2612)
2020	(212, 1703)
2021	(498, 1170)
2022	(379, 939)
2023	(479, 1861)
2024	(450, 1192)
2025	(361, 2487)
2026	(636, 1477)
2027	(1045, 1703)
2028	(1242, 1421)
2029	(1814, 1996)
2030	(262, 2473)
2031	(1282, 2207)
2032	(2207, 2539)
2033	(1447, 2100)
2034	(33, 2613)
2035	(614, 2068)
2036	(927, 1917)
2037	(1134, 1307)
2038	(53, 2080)
2039	(730, 1155)
2040	(1045, 2218)
2041	(1131, 1540)
2042	(645, 2351)
2043	(796, 2347)
2044	(937, 2594)
2045	(134, 1319)
2046	(1851, 2148)
2047	(1514, 1596)
2048	(2633, 2654)
2049	(577, 2569)
2050	(349, 1736)
2051	(750, 2024)
2052	(1759, 2642)
2053	(732, 2420)
2054	(478, 1727)
2055	(685, 2247)
2056	(1415, 2540)
2057	(1039, 1657)
2058	(539, 1510)
2059	(1494, 1952)
2060	(1560, 2133)
2061	(1082, 1313)
2062	(1035, 2502)
2063	(334, 2679)
2064	(281, 1632)
2065	(508, 1673)
2066	(678, 2179)
2067	(876, 921)
2068	(192, 2722)
2069	(109, 559)
2070	(862, 2443)
2071	(554, 2132)
2072	(528, 1669)
2073	(1980, 2708)
2074	(718, 1916)
2075	(819, 1790)
2076	(1814, 1957)
2077	(100, 1631)
2078	(1159, 1323)
2079	(1301, 1722)
2080	(121, 889)
2081	(678, 982)
2082	(1381, 1794)
2083	(232, 837)
2084	(157, 658)
2085	(1309, 2679)
2086	(211, 2351)
2087	(1069, 2209)
2088	(377, 2715)
2089	(1307, 2736)
2090	(276, 1989)
2091	(1173, 1817)
2092	(1168, 2109)
2093	(1457, 2692)
2094	(884, 1639)
2095	(1319, 2194)
2096	(1383, 2100)
2097	(1080, 1699)
2098	(675, 2350)
2099	(1819, 2130)
2100	(292, 1153)
2101	(1008, 2175)
2102	(974, 2425)
2103	(910, 1316)
2104	(257, 2605)
2105	(421, 697)
2106	(393, 814)
2107	(869, 1815)
2108	(778, 1406)
2109	(2038, 2612)
2110	(201, 2190)
2111	(691, 1645)
2112	(938, 2717)
2113	(731, 1194)
2114	(2675, 2726)
2115	(764, 2700)
2116	(412, 1412)
2117	(1138, 1493)
2118	(210, 419)
2119	(531, 1428)
2120	(531, 926)
2121	(800, 2721)
2122	(1401, 2372)
2123	(2084, 2667)
2124	(252, 334)
2125	(1235, 1932)
2126	(389, 1331)
2127	(1493, 1547)
2128	(1172, 2262)
2129	(2093, 2619)
2130	(771, 2127)
2131	(686, 2330)
2132	(1160, 2700)
2133	(430, 973)
2134	(1754, 2600)
2135	(202, 1629)
2136	(769, 2478)
2137	(370, 556)
2138	(526, 1654)
2139	(1841, 2055)
2140	(2480, 2712)
2141	(118, 2317)
2142	(166, 2444)
2143	(1976, 2693)
2144	(1635, 2212)
2145	(750, 2241)
2146	(2174, 2188)
2147	(2128, 2457)
2148	(972, 2147)
2149	(2048, 2601)
2150	(2041, 2554)
2151	(40, 392)
2152	(1946, 2726)
2153	(1206, 1761)
2154	(484, 2303)
2155	(1510, 1758)
2156	(1321, 2386)
2157	(1469, 2711)
2158	(395, 2511)
2159	(417, 1553)
2160	(555, 2555)
2161	(102, 1833)
2162	(592, 1925)
2163	(1446, 2157)
2164	(14, 1972)
2165	(1360, 1489)
2166	(795, 1300)
2167	(456, 921)
2168	(164, 2359)
2169	(685, 1767)
2170	(1261, 1590)
2171	(1577, 2632)
2172	(492, 917)
2173	(1861, 2410)
2174	(1099, 1776)
2175	(347, 1671)
2176	(367, 1794)
2177	(1753, 2563)
2178	(155, 405)
2179	(1389, 2511)
2180	(727, 1778)
2181	(2154, 2397)
2182	(1647, 2156)
2183	(683, 2419)
2184	(425, 2250)
2185	(91, 902)
2186	(460, 1855)
2187	(1933, 2690)
2188	(1131, 2126)
2189	(2091, 2661)
2190	(1847, 2489)
2191	(824, 1224)
2192	(1604, 2574)
2193	(582, 1908)
2194	(1853, 2126)
2195	(688, 1515)
2196	(644, 750)
2197	(50, 690)
2198	(170, 1497)
2199	(2217, 2511)
2200	(1310, 1977)
2201	(2510, 2541)
2202	(74, 2223)
2203	(143, 351)
2204	(12, 1490)
2205	(757, 2569)
2206	(290, 1681)
2207	(1091, 1258)
2208	(1109, 1255)
2209	(864, 1707)
2210	(874, 2094)
2211	(1706, 2096)
2212	(2247, 2287)
2213	(1505, 1569)
2214	(180, 251)
2215	(355, 2490)
2216	(2255, 2462)
2217	(1422, 1502)
2218	(2487, 2680)
2219	(524, 1364)
2220	(1124, 1144)
2221	(566, 2048)
2222	(178, 405)
2223	(1366, 1547)
2224	(831, 1847)
2225	(1208, 1600)
2226	(946, 2483)
2227	(646, 1493)
2228	(336, 1829)
2229	(1154, 1750)
2230	(1759, 2045)
2231	(301, 1888)
2232	(99, 766)
2233	(1152, 2615)
2234	(49, 94)
2235	(2041, 2200)
2236	(1310, 2741)
2237	(17, 2120)
2238	(666, 979)
2239	(389, 2056)
2240	(1605, 2488)
2241	(752, 2196)
2242	(2354, 2571)
2243	(72, 2307)
2244	(2267, 2601)
2245	(709, 1809)
2246	(1112, 2494)
2247	(1398, 1889)
2248	(686, 1890)
2249	(639, 1386)
2250	(735, 1571)
2251	(1710, 1989)
2252	(177, 419)
2253	(532, 1649)
2254	(911, 2245)
2255	(915, 2365)
2256	(1402, 2193)
2257	(481, 2495)
2258	(767, 832)
2259	(817, 1001)
2260	(1169, 2332)
2261	(166, 2210)
2262	(1342, 2207)
2263	(911, 2539)
2264	(289, 732)
2265	(1623, 2617)
2266	(1174, 1798)
2267	(1744, 1901)
2268	(1010, 2295)
2269	(183, 2602)
2270	(533, 857)
2271	(543, 2116)
2272	(531, 2344)
2273	(1326, 1366)
2274	(2500, 2656)
2275	(164, 2117)
2276	(316, 1747)
2277	(152, 1102)
2278	(1299, 2644)
2279	(1998, 2351)
2280	(246, 2070)
2281	(18, 1965)
2282	(253, 2625)
2283	(1572, 2065)
2284	(256, 1788)
2285	(483, 1277)
2286	(1242, 1512)
2287	(1653, 2010)
2288	(436, 1836)
2289	(203, 382)
2290	(1202, 1539)
2291	(252, 2388)
2292	(1975, 2014)
2293	(352, 1961)
2294	(411, 882)
2295	(80, 345)
2296	(456, 1918)
2297	(687, 2076)
2298	(2198, 2323)
2299	(1307, 1367)
2300	(168, 1215)
2301	(330, 2351)
2302	(140, 1315)
2303	(854, 1678)
2304	(1773, 2717)
2305	(322, 1977)
2306	(2188, 2597)
2307	(183, 1351)
2308	(2229, 2521)
2309	(25, 116)
2310	(1870, 2420)
2311	(1370, 2036)
2312	(310, 1638)
2313	(403, 2180)
2314	(1157, 1365)
2315	(1917, 2309)
2316	(875, 1484)
2317	(177, 373)
2318	(123, 1942)
2319	(546, 620)
2320	(1025, 2516)
2321	(610, 1411)
2322	(236, 1206)
2323	(32, 36)
2324	(724, 946)
2325	(1227, 2574)
2326	(898, 1116)
2327	(38, 2697)
2328	(1408, 1647)
2329	(1135, 1571)
2330	(462, 2339)
2331	(111, 1840)
2332	(137, 1780)
2333	(965, 2188)
2334	(301, 1948)
2335	(1854, 1912)
2336	(504, 2537)
2337	(2275, 2695)
2338	(268, 1749)
2339	(1557, 1745)
2340	(808, 2570)
2341	(1583, 1862)
2342	(598, 1182)
2343	(353, 2150)
2344	(1366, 2454)
2345	(2100, 2124)
2346	(236, 1170)
2347	(1825, 2700)
2348	(210, 2717)
2349	(471, 2142)
2350	(2, 2335)
2351	(1340, 1355)
2352	(1593, 1947)
2353	(50, 370)
2354	(301, 997)
2355	(1259, 2387)
2356	(2267, 2703)
2357	(1537, 1614)
2358	(1183, 2007)
2359	(1754, 2618)
2360	(1604, 2193)
2361	(792, 1229)
2362	(1659, 1957)
2363	(81, 616)
2364	(2241, 2691)
2365	(542, 1487)
2366	(768, 2726)
2367	(2017, 2315)
2368	(759, 1957)
2369	(2436, 2587)
2370	(76, 750)
2371	(710, 1681)
2372	(1746, 2200)
2373	(1319, 1727)
2374	(56, 2361)
2375	(1975, 2684)
2376	(39, 1312)
2377	(73, 1275)
2378	(1688, 2493)
2379	(22, 1250)
2380	(892, 2443)
2381	(872, 2570)
2382	(1598, 1800)
2383	(346, 636)
2384	(1346, 2738)
2385	(845, 2612)
2386	(1786, 2206)
2387	(331, 2259)
2388	(550, 2701)
2389	(1074, 2327)
2390	(2149, 2196)
2391	(1526, 1604)
2392	(266, 1346)
2393	(2223, 2726)
2394	(2536, 2722)
2395	(1127, 1975)
2396	(1405, 2060)
2397	(682, 1894)
2398	(2312, 2336)
2399	(449, 2158)
2400	(766, 1826)
2401	(106, 785)
2402	(157, 1761)
2403	(1721, 2214)
2404	(522, 784)
2405	(1608, 2504)
2406	(1669, 1895)
2407	(669, 1296)
2408	(230, 1292)
2409	(584, 667)
2410	(1662, 2019)
2411	(36, 2343)
2412	(685, 2034)
2413	(957, 2326)
2414	(1506, 1673)
2415	(1847, 2474)
2416	(456, 1025)
2417	(1612, 2441)
2418	(318, 898)
2419	(539, 1892)
2420	(1103, 1270)
2421	(1478, 2587)
2422	(753, 1902)
2423	(210, 1064)
2424	(2124, 2416)
2425	(233, 496)
2426	(1131, 1257)
2427	(497, 2474)
2428	(1574, 1702)
2429	(1411, 1522)
2430	(662, 1174)
2431	(778, 1700)
2432	(1025, 2681)
2433	(465, 1386)
2434	(1141, 2511)
2435	(1100, 2738)
2436	(340, 1399)
2437	(2038, 2041)
2438	(97, 2120)
2439	(439, 1648)
2440	(801, 946)
2441	(1136, 1541)
2442	(358, 624)
2443	(1405, 2113)
2444	(288, 428)
2445	(1714, 2367)
2446	(1854, 2272)
2447	(1071, 1405)
2448	(1312, 1833)
2449	(694, 1858)
2450	(660, 1288)
2451	(139, 1391)
2452	(2535, 2539)
2453	(1157, 2345)
2454	(690, 2227)
2455	(1079, 2265)
2456	(605, 1356)
2457	(1064, 2239)
2458	(1094, 1588)
2459	(152, 1721)
2460	(1672, 2458)
2461	(527, 873)
2462	(873, 1021)
2463	(335, 873)
2464	(873, 1015)
2465	(527, 2725)
2466	(527, 1267)
2467	(527, 1388)
2468	(476, 2616)
2469	(686, 2719)
2470	(1643, 2549)
2471	(2531, 2554)
2472	(1547, 2381)
2473	(574, 1186)
2474	(973, 1315)
2475	(1903, 2450)
2476	(531, 1552)
2477	(1820, 2673)
2478	(1639, 2023)
2479	(795, 1007)
2480	(561, 1810)
2481	(372, 2710)
2482	(962, 1557)
2483	(1469, 1545)
2484	(648, 2668)
2485	(1085, 1221)
2486	(922, 1594)
2487	(44, 616)
2488	(1412, 2328)
2489	(228, 520)
2490	(126, 2462)
2491	(918, 1773)
2492	(580, 2195)
2493	(581, 1824)
2494	(509, 568)
2495	(875, 1959)
2496	(175, 2351)
2497	(448, 1722)
2498	(1953, 2503)
2499	(1687, 2176)
2500	(616, 1811)
2501	(1057, 1559)
2502	(276, 561)
2503	(1992, 2498)
2504	(880, 2653)
2505	(1090, 2198)
2506	(372, 1171)
2507	(847, 1412)
2508	(1264, 1766)
2509	(640, 1326)
2510	(301, 2272)
2511	(28, 586)
2512	(162, 1946)
2513	(7, 1123)
2514	(683, 2087)
2515	(100, 2683)
2516	(1591, 1635)
2517	(423, 2145)
2518	(584, 2495)
2519	(2111, 2667)
2520	(487, 2663)
2521	(185, 2667)
2522	(112, 947)
2523	(1761, 2404)
2524	(1330, 2350)
2525	(1133, 2016)
2526	(817, 1836)
2527	(1297, 1391)
2528	(798, 962)
2529	(2007, 2043)
2530	(1517, 1746)
2531	(1154, 2091)
2532	(1102, 1270)
2533	(926, 1993)
2534	(495, 1558)
2535	(1646, 2606)
2536	(267, 2614)
2537	(672, 1528)
2538	(46, 592)
2539	(1259, 1950)
2540	(16, 1048)
2541	(1143, 2426)
2542	(662, 942)
2543	(521, 1610)
2544	(1203, 1989)
2545	(1517, 2475)
2546	(197, 276)
2547	(1351, 1852)
2548	(1249, 2032)
2549	(10, 537)
2550	(517, 634)
2551	(1388, 2372)
2552	(309, 600)
2553	(773, 2002)
2554	(1182, 1853)
2555	(148, 2265)
2556	(245, 1173)
2557	(98, 878)
2558	(1489, 2107)
2559	(2412, 2688)
2560	(394, 2472)
2561	(1234, 2397)
2562	(181, 370)
2563	(295, 2159)
2564	(1108, 1207)
2565	(252, 1296)
2566	(1400, 1789)
2567	(904, 2288)
2568	(334, 748)
2569	(1092, 2638)
2570	(908, 2072)
2571	(1772, 1831)
2572	(144, 1502)
2573	(653, 2665)
2574	(1732, 2054)
2575	(252, 2130)
2576	(562, 2040)
2577	(1099, 1761)
2578	(1618, 2305)
2579	(192, 1595)
2580	(2225, 2700)
2581	(649, 2546)
2582	(1401, 2110)
2583	(436, 594)
2584	(573, 2134)
2585	(36, 802)
2586	(1561, 2207)
2587	(1438, 2300)
2588	(391, 660)
2589	(1714, 2673)
2590	(493, 1421)
2591	(1007, 1338)
2592	(924, 2637)
2593	(1154, 1494)
2594	(323, 2625)
2595	(422, 951)
2596	(752, 1449)
2597	(1438, 1449)
2598	(1107, 1449)
2599	(748, 1264)
2600	(752, 1264)
2601	(16, 1264)
2602	(192, 2446)
2603	(1251, 2706)
2604	(530, 2716)
2605	(210, 1958)
2606	(641, 2638)
2607	(1078, 1553)
2608	(916, 2390)
2609	(1675, 1823)
2610	(91, 2236)
2611	(408, 1144)
2612	(304, 1151)
2613	(107, 1504)
2614	(94, 1740)
2615	(1643, 1978)
2616	(647, 1368)
2617	(31, 1989)
2618	(356, 1131)
2619	(279, 1319)
2620	(212, 1071)
2621	(1563, 2504)
2622	(389, 1178)
2623	(1315, 2654)
2624	(1456, 2309)
2625	(1958, 2717)
2626	(262, 1594)
2627	(285, 1527)
2628	(959, 2709)
2629	(1884, 2718)
2630	(152, 2651)
2631	(1256, 2722)
2632	(1368, 2387)
2633	(1232, 1894)
2634	(1561, 1637)
2635	(529, 2311)
2636	(52, 798)
2637	(931, 1320)
2638	(1162, 1429)
2639	(750, 1788)
2640	(670, 886)
2641	(1089, 2494)
2642	(245, 381)
2643	(1865, 1960)
2644	(428, 2116)
2645	(637, 1075)
2646	(180, 562)
2647	(416, 2512)
2648	(1761, 1949)
2649	(1256, 1927)
2650	(353, 1697)
2651	(1623, 1802)
2652	(696, 731)
2653	(392, 1053)
2654	(447, 979)
2655	(384, 615)
2656	(662, 2570)
2657	(2329, 2705)
2658	(37, 1311)
2659	(94, 2231)
2660	(805, 2092)
2661	(996, 2018)
2662	(751, 1635)
2663	(530, 2072)
2664	(1475, 2497)
2665	(118, 137)
2666	(96, 1572)
2667	(1122, 2072)
2668	(1681, 2522)
2669	(2078, 2099)
2670	(89, 901)
2671	(152, 694)
2672	(2002, 2132)
2673	(804, 1217)
2674	(750, 2040)
2675	(871, 2682)
2676	(334, 1480)
2677	(1676, 2582)
2678	(1309, 2196)
2679	(1978, 2007)
2680	(39, 1143)
2681	(2208, 2672)
2682	(588, 1699)
2683	(1806, 2181)
2684	(1355, 1378)
2685	(1794, 1905)
2686	(374, 1765)
2687	(50, 2197)
2688	(1312, 1517)
2689	(1178, 2154)
2690	(1513, 1575)
2691	(1761, 2738)
2692	(1574, 2316)
2693	(23, 2400)
2694	(577, 2728)
2695	(1218, 1970)
2696	(1836, 2494)
2697	(538, 2617)
2698	(1453, 2344)
2699	(1864, 2004)
2700	(715, 2005)
2701	(1251, 1707)
2702	(778, 2678)
2703	(220, 2008)
2704	(11, 978)
2705	(1586, 1779)
2706	(1226, 2267)
2707	(742, 1336)
2708	(1131, 2215)
2709	(1778, 1818)
2710	(435, 2100)
2711	(696, 1332)
2712	(1467, 1591)
2713	(105, 757)
2714	(685, 742)
2715	(716, 1990)
2716	(1102, 1858)
2717	(524, 1258)
2718	(2292, 2635)
2719	(698, 799)
2720	(1166, 1604)
2721	(1363, 2359)
2722	(1623, 2100)
2723	(49, 1222)
2724	(97, 2067)
2725	(678, 2667)
2726	(686, 1951)
2727	(49, 129)
2728	(490, 775)
2729	(999, 1572)
2730	(762, 1708)
2731	(108, 349)
2732	(54, 1147)
2733	(183, 1852)
2734	(148, 1759)
2735	(517, 1566)
2736	(616, 1313)
2737	(1319, 2660)
2738	(183, 290)
2739	(923, 2035)
2740	(1456, 2620)
2741	(2000, 2643)
2742	(624, 1571)
2743	(832, 2720)
2744	(2100, 2389)
2745	(551, 789)
2746	(804, 1851)
2747	(781, 1795)
2748	(65, 1624)
2749	(904, 2722)
2750	(1051, 1913)
2751	(1308, 2471)
2752	(283, 908)
2753	(1373, 1560)
2754	(2415, 2624)
2755	(186, 777)
2756	(1569, 2120)
2757	(520, 731)
2758	(1504, 2366)
2759	(98, 2646)
2760	(969, 2700)
2761	(660, 1516)
2762	(2542, 2698)
2763	(1774, 2248)
2764	(293, 2577)
2765	(2656, 2699)
2766	(1946, 2439)
2767	(372, 1230)
2768	(680, 1896)
2769	(920, 1965)
2770	(779, 1538)
2771	(989, 1062)
2772	(1476, 2018)
2773	(1327, 2685)
2774	(778, 2374)
2775	(1307, 1963)
2776	(492, 863)
2777	(71, 2534)
2778	(2389, 2678)
2779	(1684, 1804)
2780	(599, 1851)
2781	(130, 2211)
2782	(895, 2142)
2783	(1531, 1675)
2784	(618, 2440)
2785	(1381, 1533)
2786	(1698, 2636)
2787	(1623, 2391)
2788	(1003, 1855)
2789	(552, 1310)
2790	(254, 1822)
2791	(270, 1823)
2792	(424, 1686)
2793	(157, 2394)
2794	(126, 1634)
2795	(1174, 2503)
2796	(2155, 2718)
2797	(1374, 1623)
2798	(559, 2300)
2799	(2587, 2740)
2800	(811, 1661)
2801	(113, 2142)
2802	(1422, 2542)
2803	(531, 2688)
2804	(1515, 1863)
2805	(1223, 2313)
2806	(1038, 2572)
2807	(580, 2457)
2808	(108, 478)
2809	(295, 308)
2810	(138, 1593)
2811	(862, 1868)
2812	(310, 573)
2813	(1026, 1604)
2814	(83, 1962)
2815	(1612, 2736)
2816	(795, 2117)
2817	(773, 1079)
2818	(461, 1602)
2819	(187, 1516)
2820	(1391, 2118)
2821	(778, 1392)
2822	(1162, 1592)
2823	(1601, 1908)
2824	(714, 1487)
2825	(760, 2078)
2826	(818, 2168)
2827	(275, 2703)
2828	(790, 1632)
2829	(664, 907)
2830	(1426, 2515)
2831	(798, 2403)
2832	(110, 896)
2833	(788, 1142)
2834	(1761, 2238)
2835	(1978, 2219)
2836	(735, 1647)
2837	(928, 1826)
2838	(1890, 2653)
2839	(696, 975)
2840	(2432, 2442)
2841	(1231, 1827)
2842	(427, 674)
2843	(750, 1173)
2844	(422, 1357)
2845	(158, 218)
2846	(1088, 1767)
2847	(963, 2325)
2848	(44, 596)
2849	(54, 1198)
2850	(305, 1390)
2851	(142, 1950)
2852	(296, 1111)
2853	(316, 1149)
2854	(2422, 2581)
2855	(200, 327)
2856	(749, 1270)
2857	(714, 2013)
2858	(1339, 2688)
2859	(310, 1984)
2860	(1097, 2493)
2861	(342, 1425)
2862	(2077, 2474)
2863	(47, 968)
2864	(925, 1806)
2865	(268, 1175)
2866	(1648, 1724)
2867	(2100, 2176)
2868	(302, 2094)
2869	(67, 561)
2870	(1511, 1514)
2871	(1727, 1945)
2872	(1115, 2578)
2873	(1844, 2683)
2874	(859, 933)
2875	(1623, 2704)
2876	(2301, 2662)
2877	(267, 1452)
2878	(2309, 2604)
2879	(1816, 2363)
2880	(154, 2615)
2881	(378, 405)
2882	(1869, 2303)
2883	(328, 1874)
2884	(2150, 2551)
2885	(1508, 1718)
2886	(807, 1287)
2887	(79, 198)
2888	(44, 746)
2889	(1137, 2609)
2890	(2542, 2668)
2891	(586, 978)
2892	(423, 2009)
2893	(120, 1622)
2894	(2422, 2619)
2895	(426, 1736)
2896	(83, 1097)
2897	(126, 269)
2898	(926, 1197)
2899	(81, 1774)
2900	(1797, 2422)
2901	(1500, 1761)
2902	(1270, 2337)
2903	(371, 1077)
2904	(1196, 1801)
2905	(175, 1677)
2906	(538, 2359)
2907	(132, 2617)
2908	(1104, 1681)
2909	(808, 926)
2910	(321, 1725)
2911	(106, 1989)
2912	(732, 2713)
2913	(749, 2430)
2914	(1017, 1804)
2915	(412, 2258)
2916	(1829, 1961)
2917	(1399, 1787)
2918	(1127, 1217)
2919	(1597, 2145)
2920	(1761, 2092)
2921	(684, 829)
2922	(827, 1646)
2923	(414, 2704)
2924	(790, 2495)
2925	(659, 1002)
2926	(845, 944)
2927	(1423, 2091)
2928	(1669, 2074)
2929	(494, 1324)
2930	(1181, 1540)
2931	(582, 1236)
2932	(1995, 2118)
2933	(1916, 2025)
2934	(1363, 1618)
2935	(1073, 2400)
2936	(2267, 2622)
2937	(61, 1958)
2938	(440, 1061)
2939	(1771, 2232)
2940	(1581, 1747)
2941	(2039, 2046)
2942	(1613, 2017)
2943	(450, 2001)
2944	(407, 2291)
2945	(990, 1910)
2946	(335, 1221)
2947	(1320, 2249)
2948	(606, 1669)
2949	(979, 1149)
2950	(1468, 1622)
2951	(582, 800)
2952	(1547, 2094)
2953	(2325, 2566)
2954	(2653, 2656)
2955	(692, 2440)
2956	(673, 1476)
2957	(1726, 1882)
2958	(438, 1079)
2959	(2587, 2702)
2960	(373, 2136)
2961	(13, 117)
2962	(784, 1865)
2963	(277, 1879)
2964	(197, 1989)
2965	(1279, 2629)
2966	(164, 1623)
2967	(2321, 2718)
2968	(49, 1480)
2969	(70, 2252)
2970	(899, 2656)
2971	(1094, 2667)
2972	(794, 966)
2973	(1234, 2625)
2974	(1500, 2151)
2975	(569, 950)
2976	(1583, 1949)
2977	(1476, 2203)
2978	(1481, 2595)
2979	(272, 1086)
2980	(900, 1403)
2981	(3, 1406)
2982	(904, 1241)
2983	(151, 1668)
2984	(400, 908)
2985	(936, 2076)
2986	(1247, 1317)
2987	(49, 1618)
2988	(2448, 2693)
2989	(651, 721)
2990	(2054, 2655)
2991	(6, 1234)
2992	(632, 2325)
2993	(1943, 2237)
2994	(357, 2113)
2995	(578, 1911)
2996	(422, 777)
2997	(2319, 2536)
2998	(818, 825)
2999	(1763, 1825)
3000	(314, 2662)
3001	(117, 1894)
3002	(142, 2667)
3003	(64, 821)
3004	(69, 416)
3005	(405, 1018)
3006	(128, 969)
3007	(200, 486)
3008	(167, 1483)
3009	(1309, 2149)
3010	(2173, 2705)
3011	(2094, 2651)
3012	(586, 836)
3013	(2038, 2200)
3014	(934, 1717)
3015	(629, 1064)
3016	(576, 939)
3017	(660, 2635)
3018	(605, 1278)
3019	(641, 1561)
3020	(1369, 1809)
3021	(1671, 2720)
3022	(1044, 2693)
3023	(1012, 2568)
3024	(2520, 2568)
3025	(1131, 1551)
3026	(1633, 1788)
3027	(2541, 2717)
3028	(329, 1161)
3029	(363, 731)
3030	(370, 2130)
3031	(28, 1727)
3032	(664, 1169)
3033	(11, 2385)
3034	(1753, 2454)
3035	(177, 189)
3036	(1553, 2526)
3037	(962, 2396)
3038	(883, 2052)
3039	(1751, 1761)
3040	(533, 2617)
3041	(1841, 1989)
3042	(1221, 1778)
3043	(1007, 1614)
3044	(875, 890)
3045	(67, 276)
3046	(978, 1319)
3047	(413, 2435)
3048	(134, 586)
3049	(2076, 2697)
3050	(1251, 2041)
3051	(872, 926)
3052	(268, 426)
3053	(727, 888)
3054	(645, 2274)
3055	(420, 2201)
3056	(286, 860)
3057	(1452, 2614)
3058	(652, 2091)
3059	(1648, 1761)
3060	(1255, 1286)
3061	(1443, 2454)
3062	(537, 2169)
3063	(1520, 2707)
3064	(1174, 1784)
3065	(1380, 1709)
3066	(696, 1629)
3067	(257, 1627)
3068	(1234, 2207)
3069	(1264, 2368)
3070	(135, 1998)
3071	(190, 350)
3072	(40, 864)
3073	(2235, 2319)
3074	(2259, 2484)
3075	(1126, 1510)
3076	(1640, 2412)
3077	(361, 1146)
3078	(2243, 2577)
3079	(1021, 1118)
3080	(611, 902)
3081	(419, 2640)
3082	(1741, 2491)
3083	(468, 1284)
3084	(1433, 1609)
3085	(1264, 1532)
3086	(340, 523)
3087	(312, 2366)
3088	(428, 543)
3089	(778, 1665)
3090	(694, 1561)
3091	(271, 508)
3092	(1595, 2722)
3093	(357, 2323)
3094	(87, 2020)
3095	(31, 2694)
3096	(52, 1869)
3097	(1093, 1623)
3098	(795, 1782)
3099	(515, 2101)
3100	(1306, 1307)
3101	(1195, 1930)
3102	(1243, 1572)
3103	(2399, 2466)
3104	(893, 2366)
3105	(1342, 2456)
3106	(329, 2224)
3107	(683, 1899)
3108	(1271, 1851)
3109	(440, 1117)
3110	(1572, 2402)
3111	(691, 2663)
3112	(842, 2234)
3113	(2331, 2509)
3114	(68, 2246)
3115	(1725, 2607)
3116	(231, 1761)
3117	(1242, 2079)
3118	(1389, 2204)
3119	(1696, 2351)
3120	(152, 2430)
3121	(262, 1036)
3122	(849, 1485)
3123	(304, 576)
3124	(1216, 2261)
3125	(1045, 2028)
3126	(681, 934)
3127	(21, 1097)
3128	(775, 1478)
3129	(1995, 2289)
3130	(611, 2344)
3131	(319, 2150)
3132	(1050, 2004)
3133	(1334, 1762)
3134	(448, 2326)
3135	(461, 1749)
3136	(522, 2674)
3137	(755, 2550)
3138	(1420, 2267)
3139	(1044, 1976)
3140	(308, 439)
3141	(584, 1788)
3142	(1458, 2558)
3143	(1031, 1889)
3144	(687, 907)
3145	(659, 1412)
3146	(1554, 2707)
3147	(1176, 2145)
3148	(732, 1899)
3149	(69, 75)
3150	(85, 222)
3151	(297, 2007)
3152	(1965, 2330)
3153	(1426, 1458)
3154	(495, 2174)
3155	(25, 2014)
3156	(101, 1608)
3157	(868, 1985)
3158	(203, 1671)
3159	(1341, 1832)
3160	(998, 1286)
3161	(1481, 2297)
3162	(1464, 1642)
3163	(2223, 2462)
3164	(1438, 1841)
3165	(1988, 2695)
3166	(1458, 2383)
3167	(1284, 1891)
3168	(913, 1268)
3169	(244, 2416)
3170	(1394, 2198)
3171	(2219, 2549)
3172	(1001, 1836)
3173	(1670, 1847)
3174	(650, 2215)
3175	(1702, 2427)
3176	(293, 2243)
3177	(1243, 2415)
3178	(100, 2428)
3179	(1688, 1926)
3180	(800, 2715)
3181	(181, 1307)
3182	(252, 2718)
3183	(1625, 2384)
3184	(1, 1425)
3185	(795, 1988)
3186	(2388, 2617)
3187	(1217, 1851)
3188	(551, 2183)
3189	(355, 2711)
3190	(426, 1919)
3191	(1979, 2085)
3192	(2352, 2592)
3193	(1435, 2133)
3194	(1102, 2539)
3195	(57, 1561)
3196	(1265, 1880)
3197	(844, 2679)
3198	(721, 1921)
3199	(972, 2416)
3200	(2429, 2491)
3201	(1251, 1880)
3202	(48, 1092)
3203	(2100, 2533)
3204	(320, 1607)
3205	(1485, 2067)
3206	(781, 1828)
3207	(778, 1770)
3208	(179, 2708)
3209	(1560, 1820)
3210	(302, 824)
3211	(2290, 2618)
3212	(1378, 2525)
3213	(1822, 2411)
3214	(1025, 1861)
3215	(551, 1543)
3216	(1647, 2120)
3217	(415, 679)
3218	(1532, 1701)
3219	(1243, 1629)
3220	(599, 2048)
3221	(558, 758)
3222	(616, 2442)
3223	(939, 2654)
3224	(1114, 1247)
3225	(1502, 1599)
3226	(525, 1123)
3227	(565, 2716)
3228	(1078, 2313)
3229	(101, 1011)
3230	(1847, 2225)
3231	(112, 1730)
3232	(1961, 2344)
3233	(973, 2470)
3234	(1218, 1243)
3235	(1188, 2025)
3236	(266, 1828)
3237	(934, 2561)
3238	(996, 1235)
3239	(489, 1326)
3240	(1382, 1962)
3241	(941, 1596)
3242	(605, 1737)
3243	(474, 750)
3244	(405, 2359)
3245	(252, 1827)
3246	(580, 1315)
3247	(196, 2361)
3248	(2119, 2671)
3249	(1222, 1612)
3250	(1227, 2202)
3251	(102, 1511)
3252	(995, 1476)
3253	(1214, 1761)
3254	(70, 1131)
3255	(1577, 1654)
3256	(618, 1415)
3257	(1783, 2008)
3258	(1430, 2516)
3259	(274, 655)
3260	(1531, 2120)
3261	(2195, 2501)
3262	(952, 2323)
3263	(29, 836)
3264	(1273, 1974)
3265	(1708, 2008)
3266	(1839, 2081)
3267	(1425, 1464)
3268	(1847, 2700)
3269	(1962, 2706)
3270	(1761, 2241)
3271	(1296, 1561)
3272	(295, 2278)
3273	(64, 2197)
3274	(2316, 2715)
3275	(463, 1647)
3276	(351, 2648)
3277	(102, 2015)
3278	(949, 972)
3279	(1024, 2472)
3280	(452, 2659)
3281	(1304, 1968)
3282	(189, 2136)
3283	(502, 1635)
3284	(344, 964)
3285	(960, 2036)
3286	(1522, 1597)
3287	(1291, 2646)
3288	(188, 555)
3289	(819, 972)
3290	(1517, 1613)
3291	(1926, 2351)
3292	(1523, 1850)
3293	(672, 724)
3294	(416, 2631)
3295	(274, 1312)
3296	(1541, 2253)
3297	(485, 1731)
3298	(1451, 1721)
3299	(1761, 2005)
3300	(1849, 2726)
3301	(1975, 2386)
3302	(559, 724)
3303	(202, 696)
3304	(800, 1234)
3305	(586, 1945)
3306	(685, 2459)
3307	(102, 1267)
3308	(608, 1806)
3309	(147, 2592)
3310	(401, 2475)
3311	(1582, 2143)
3312	(272, 1253)
3313	(192, 904)
3314	(832, 2392)
3315	(2499, 2615)
3316	(1043, 1568)
3317	(824, 1376)
3318	(809, 1952)
3319	(123, 2313)
3320	(1390, 2464)
3321	(2266, 2568)
3322	(1756, 2483)
3323	(142, 1042)
3324	(172, 685)
3325	(59, 2735)
3326	(1800, 2611)
3327	(214, 2613)
3328	(1060, 1362)
3329	(180, 1138)
3330	(786, 1739)
3331	(189, 1010)
3332	(643, 1250)
3333	(1808, 1851)
3334	(1660, 2277)
3335	(1623, 2259)
3336	(771, 2267)
3337	(1851, 1899)
3338	(1647, 1829)
3339	(405, 2463)
3340	(1152, 2515)
3341	(1833, 2015)
3342	(1561, 2645)
3343	(1432, 1608)
3344	(981, 1767)
3345	(606, 2453)
3346	(1658, 1872)
3347	(778, 1048)
3348	(738, 2482)
3349	(764, 2474)
3350	(1208, 1439)
3351	(216, 2203)
3352	(238, 2160)
3353	(1742, 2442)
3354	(331, 1296)
3355	(383, 1245)
3356	(131, 2402)
3357	(2109, 2368)
3358	(446, 2319)
3359	(972, 2395)
3360	(348, 1296)
3361	(1244, 2257)
3362	(1279, 1999)
3363	(1715, 2291)
3364	(530, 880)
3365	(485, 1312)
3366	(1081, 1718)
3367	(559, 2626)
3368	(98, 2170)
3369	(638, 2259)
3370	(807, 2254)
3371	(1621, 1643)
3372	(1010, 2717)
3373	(622, 1420)
3374	(296, 653)
3375	(243, 1881)
3376	(580, 2026)
3377	(395, 667)
3378	(494, 761)
3379	(800, 1798)
3380	(615, 2131)
3381	(332, 2729)
3382	(2116, 2499)
3383	(1741, 1821)
3384	(750, 838)
3385	(776, 1753)
3386	(1243, 1970)
3387	(183, 1500)
3388	(1425, 2399)
3389	(1525, 2199)
3390	(763, 2368)
3391	(352, 550)
3392	(1126, 1779)
3393	(329, 1464)
3394	(655, 1728)
3395	(1267, 1286)
3396	(518, 1052)
3397	(1208, 2507)
3398	(32, 1651)
3399	(727, 1249)
3400	(1645, 2460)
3401	(1353, 1761)
3402	(1138, 2454)
3403	(592, 1829)
3404	(1566, 2454)
3405	(1436, 2294)
3406	(1399, 2659)
3407	(1659, 2176)
3408	(669, 1583)
3409	(112, 2473)
3410	(577, 1684)
3411	(2059, 2146)
3412	(179, 868)
3413	(2446, 2722)
3414	(406, 1131)
3415	(1177, 1348)
3416	(207, 2128)
3417	(1249, 1776)
3418	(106, 197)
3419	(2277, 2727)
3420	(577, 719)
3421	(1208, 2497)
3422	(180, 1073)
3423	(864, 1251)
3424	(636, 815)
3425	(1197, 1793)
3426	(1869, 2011)
3427	(2273, 2477)
3428	(533, 819)
3429	(2259, 2672)
3430	(1547, 1753)
3431	(218, 1703)
3432	(903, 2205)
3433	(218, 1981)
3434	(619, 1200)
3435	(2442, 2743)
3436	(1344, 2547)
3437	(576, 648)
3438	(879, 1669)
3439	(112, 477)
3440	(874, 2012)
3441	(360, 1720)
3442	(130, 281)
3443	(230, 1178)
3444	(1180, 2408)
3445	(102, 1660)
3446	(839, 2222)
3447	(1944, 2539)
3448	(1885, 2531)
3449	(900, 2132)
3450	(334, 2641)
3451	(2658, 2715)
3452	(139, 666)
3453	(1609, 2195)
3454	(1676, 2514)
3455	(577, 2207)
3456	(729, 2688)
3457	(551, 1681)
3458	(89, 2338)
3459	(3, 1623)
3460	(1606, 2198)
3461	(2494, 2724)
3462	(1510, 1779)
3463	(370, 1283)
3464	(654, 1136)
3465	(194, 925)
3466	(205, 1664)
3467	(1100, 1905)
3468	(884, 2428)
3469	(1170, 1864)
3470	(252, 2146)
3471	(1025, 1558)
3472	(90, 2241)
3473	(823, 1185)
3474	(1613, 1822)
3475	(550, 1503)
3476	(777, 2268)
3477	(641, 1379)
3478	(1434, 2026)
3479	(784, 2333)
3480	(89, 154)
3481	(941, 2564)
3482	(770, 2588)
3483	(637, 1643)
3484	(972, 1623)
3485	(1307, 2413)
3486	(1187, 2322)
3487	(1271, 2696)
3488	(1014, 1180)
3489	(1400, 1444)
3490	(1012, 1289)
3491	(590, 1973)
3492	(1570, 1761)
3493	(289, 1679)
3494	(526, 2632)
3495	(1514, 1545)
3496	(760, 1866)
3497	(1639, 2606)
3498	(836, 1727)
3499	(1091, 1583)
3500	(286, 909)
3501	(1131, 2274)
3502	(749, 2058)
3503	(67, 582)
3504	(561, 2370)
3505	(271, 893)
3506	(2474, 2665)
3507	(136, 1859)
3508	(954, 2189)
3509	(604, 2063)
3510	(278, 511)
3511	(667, 1788)
3512	(676, 2655)
3513	(298, 760)
3514	(1131, 2373)
3515	(1596, 2162)
3516	(582, 1857)
3517	(111, 2626)
3518	(916, 2738)
3519	(18, 686)
3520	(1629, 1703)
3521	(681, 1439)
3522	(976, 1612)
3523	(283, 374)
3524	(47, 1073)
3525	(122, 2096)
3526	(1391, 1404)
3527	(503, 1821)
3528	(2043, 2689)
3529	(304, 1871)
3530	(278, 577)
3531	(1366, 2222)
3532	(222, 2236)
3533	(1162, 1341)
3534	(75, 2180)
3535	(1190, 2577)
3536	(686, 1567)
3537	(656, 820)
3538	(258, 372)
3539	(1996, 2184)
3540	(1916, 2097)
3541	(1143, 1544)
3542	(655, 1517)
3543	(68, 902)
3544	(395, 2495)
3545	(717, 1761)
3546	(1067, 1741)
3547	(2367, 2737)
3548	(150, 2654)
3549	(425, 1617)
3550	(2135, 2555)
3551	(1497, 1801)
3552	(824, 1075)
3553	(73, 1064)
3554	(520, 677)
3555	(2, 90)
3556	(659, 2521)
3557	(432, 1791)
3558	(1315, 1388)
3559	(1580, 1998)
3560	(1761, 2198)
3561	(1535, 2722)
3562	(1428, 2561)
3563	(1641, 1772)
3564	(1114, 2260)
3565	(134, 1282)
3566	(2095, 2303)
3567	(1097, 1599)
3568	(531, 684)
3569	(2136, 2329)
3570	(1513, 1691)
3571	(349, 2627)
3572	(2552, 2722)
3573	(164, 617)
3574	(94, 129)
3575	(278, 1216)
3576	(1532, 1851)
3577	(1363, 1472)
3578	(450, 1315)
3579	(363, 1186)
3580	(904, 1530)
3581	(605, 1881)
3582	(1022, 1552)
3583	(1866, 2672)
3584	(507, 1987)
3585	(531, 1457)
3586	(1354, 2103)
3587	(2175, 2594)
3588	(175, 1919)
3589	(318, 842)
3590	(1113, 2111)
3591	(94, 579)
3592	(513, 1253)
3593	(299, 671)
3594	(1797, 2333)
3595	(202, 1986)
3596	(1373, 1895)
3597	(1300, 2100)
3598	(1413, 2406)
3599	(26, 2454)
3600	(154, 582)
3601	(941, 2279)
3602	(482, 2100)
3603	(1119, 2362)
3604	(1607, 2745)
3605	(144, 1542)
3606	(392, 496)
3607	(1202, 2341)
3608	(2466, 2729)
3609	(254, 2372)
3610	(234, 1167)
3611	(714, 716)
3612	(1502, 2698)
3613	(2306, 2726)
3614	(321, 2267)
3615	(1238, 2628)
3616	(2495, 2597)
3617	(305, 1795)
3618	(1474, 2509)
3619	(559, 1292)
3620	(526, 529)
3621	(1084, 1612)
3622	(1798, 2207)
3623	(2317, 2658)
3624	(1343, 1687)
3625	(478, 1761)
3626	(1122, 2475)
3627	(1010, 1932)
3628	(1567, 2232)
3629	(858, 2501)
3630	(656, 1379)
3631	(1301, 2484)
3632	(726, 1136)
3633	(266, 2461)
3634	(231, 2226)
3635	(157, 514)
3636	(1109, 1890)
3637	(214, 2016)
3638	(1626, 2488)
3639	(2459, 2708)
3640	(1139, 1182)
3641	(575, 577)
3642	(103, 264)
3643	(2049, 2362)
3644	(1315, 2680)
3645	(228, 1027)
3646	(517, 2222)
3647	(557, 1296)
3648	(1612, 2739)
3649	(955, 1623)
3650	(231, 1765)
3651	(1567, 2435)
3652	(644, 2241)
3653	(1616, 2017)
3654	(237, 2005)
3655	(2142, 2167)
3656	(750, 896)
3657	(437, 513)
3658	(38, 1738)
3659	(1995, 2468)
3660	(777, 2448)
3661	(2636, 2707)
3662	(931, 2351)
3663	(2303, 2426)
3664	(1283, 1716)
3665	(1013, 2586)
3666	(112, 634)
3667	(1334, 2388)
3668	(473, 1146)
3669	(34, 1344)
3670	(261, 817)
3671	(2100, 2562)
3672	(949, 2016)
3673	(2375, 2731)
3674	(1936, 2016)
3675	(47, 1574)
3676	(714, 2447)
3677	(979, 2468)
3678	(77, 1478)
3679	(400, 1736)
3680	(102, 305)
3681	(1345, 1885)
3682	(2575, 2594)
3683	(36, 1637)
3684	(1043, 1694)
3685	(1979, 2608)
3686	(111, 637)
3687	(1108, 1937)
3688	(1525, 2175)
3689	(416, 1466)
3690	(2461, 2559)
3691	(1055, 2125)
3692	(253, 2047)
3693	(218, 287)
3694	(88, 101)
3695	(640, 1777)
3696	(1722, 2259)
3697	(1005, 1635)
3698	(690, 1709)
3699	(1708, 2284)
3700	(505, 2319)
3701	(862, 1264)
3702	(940, 2380)
3703	(708, 2494)
3704	(685, 1136)
3705	(582, 1234)
3706	(117, 2650)
3707	(720, 1654)
3708	(607, 1761)
3709	(1540, 2567)
3710	(99, 336)
3711	(2195, 2390)
3712	(778, 2121)
3713	(349, 586)
3714	(137, 2393)
3715	(2272, 2515)
3716	(2446, 2545)
3717	(500, 2192)
3718	(185, 2192)
3719	(1108, 2520)
3720	(800, 1129)
3721	(42, 2398)
3722	(162, 2726)
3723	(829, 1739)
3724	(1755, 2292)
3725	(434, 1930)
3726	(365, 1721)
3727	(1518, 2646)
3728	(731, 867)
3729	(92, 1761)
3730	(1874, 2215)
3731	(439, 2006)
3732	(868, 1143)
3733	(339, 1739)
3734	(1524, 1549)
3735	(527, 843)
3736	(899, 2635)
3737	(1130, 2181)
3738	(1713, 1781)
3739	(1229, 2269)
3740	(1647, 2621)
3741	(1664, 1852)
3742	(741, 2709)
3743	(8, 2418)
3744	(768, 2306)
3745	(265, 345)
3746	(1547, 1956)
3747	(1956, 2097)
3748	(1956, 2170)
3749	(1343, 1956)
3750	(132, 1547)
3751	(1370, 1547)
3752	(783, 1547)
3753	(2153, 2498)
3754	(1708, 2462)
3755	(711, 1689)
3756	(1736, 1839)
3757	(1824, 2173)
3758	(542, 1761)
3759	(926, 1452)
3760	(693, 1286)
3761	(1738, 1943)
3762	(432, 1560)
3763	(1301, 2512)
3764	(1687, 1813)
3765	(753, 2516)
3766	(584, 1916)
3767	(627, 2299)
3768	(180, 1735)
3769	(2042, 2370)
3770	(375, 2368)
3771	(390, 1307)
3772	(1595, 2235)
3773	(137, 513)
3774	(91, 187)
3775	(1422, 2477)
3776	(866, 1792)
3777	(575, 808)
3778	(266, 721)
3779	(482, 751)
3780	(597, 2218)
3781	(1116, 2736)
3782	(690, 2140)
3783	(1517, 2213)
3784	(2260, 2353)
3785	(479, 711)
3786	(790, 2691)
3787	(165, 1131)
3788	(972, 1374)
3789	(646, 2245)
3790	(1534, 2131)
3791	(1014, 1531)
3792	(947, 1638)
3793	(1074, 1105)
3794	(1524, 2635)
3795	(340, 565)
3796	(556, 1612)
3797	(1286, 2590)
3798	(112, 1265)
3799	(597, 886)
3800	(572, 2587)
3801	(489, 1547)
3802	(760, 1555)
3803	(1666, 2524)
3804	(191, 1583)
3805	(56, 328)
3806	(2, 2724)
3807	(2255, 2620)
3808	(838, 896)
3809	(101, 2207)
3810	(482, 1649)
3811	(580, 2163)
3812	(1119, 1303)
3813	(514, 1276)
3814	(1578, 1920)
3815	(49, 579)
3816	(12, 1635)
3817	(465, 1202)
3818	(811, 1977)
3819	(721, 1048)
3820	(374, 2595)
3821	(2080, 2375)
3822	(293, 636)
3823	(56, 2573)
3824	(637, 1547)
3825	(1206, 2207)
3826	(532, 2617)
3827	(750, 1132)
3828	(892, 1575)
3829	(1064, 2464)
3830	(973, 1919)
3831	(870, 2509)
3832	(760, 2556)
3833	(530, 2444)
3834	(1150, 1341)
3835	(155, 1875)
3836	(192, 1316)
3837	(274, 1339)
3838	(1978, 2024)
3839	(753, 1779)
3840	(2188, 2495)
3841	(197, 2515)
3842	(531, 1191)
3843	(444, 2491)
3844	(1465, 2097)
3845	(171, 2659)
3846	(809, 1494)
3847	(1077, 1620)
3848	(681, 2114)
3849	(1046, 1870)
3850	(355, 2548)
3851	(744, 1345)
3852	(313, 1114)
3853	(1116, 1307)
3854	(183, 2151)
3855	(459, 979)
3856	(348, 1623)
3857	(174, 642)
3858	(1492, 1845)
3859	(635, 1669)
3860	(2578, 2624)
3861	(813, 2448)
3862	(519, 1045)
3863	(724, 1515)
3864	(57, 561)
3865	(1738, 1844)
3866	(1562, 1807)
3867	(266, 713)
3868	(38, 1284)
3869	(27, 1223)
3870	(2309, 2675)
3871	(796, 1525)
3872	(1538, 2169)
3873	(650, 1748)
3874	(1142, 2130)
3875	(405, 2739)
3876	(474, 2323)
3877	(1647, 2363)
3878	(1516, 2236)
3879	(65, 100)
3880	(134, 160)
3881	(36, 1999)
3882	(480, 2593)
3883	(1846, 2517)
3884	(612, 620)
3885	(1910, 1975)
3886	(783, 872)
3887	(2270, 2335)
3888	(124, 1723)
3889	(989, 2095)
3890	(864, 1165)
3891	(105, 1933)
3892	(1621, 2007)
3893	(1581, 1643)
3894	(183, 2378)
3895	(324, 1040)
3896	(1359, 2291)
3897	(1010, 2409)
3898	(1309, 2672)
3899	(2273, 2311)
3900	(1553, 1752)
3901	(412, 1761)
3902	(440, 2365)
3903	(268, 1980)
3904	(291, 2245)
3905	(912, 1386)
3906	(1170, 1245)
3907	(906, 1434)
3908	(420, 1643)
3909	(9, 444)
3910	(466, 660)
3911	(1309, 2641)
3912	(176, 2432)
3913	(877, 2040)
3914	(1907, 2467)
3915	(744, 2041)
3916	(1023, 1221)
3917	(1348, 2340)
3918	(422, 940)
3919	(3, 521)
3920	(1037, 2298)
3921	(54, 2243)
3922	(2252, 2417)
3923	(1486, 2662)
3924	(962, 1308)
3925	(164, 1713)
3926	(617, 2380)
3927	(743, 1227)
3928	(700, 754)
3929	(342, 886)
3930	(1077, 1356)
3931	(119, 1669)
3932	(619, 2040)
3933	(95, 1202)
3934	(891, 2252)
3935	(1353, 2433)
3936	(1871, 2360)
3937	(732, 974)
3938	(934, 1761)
3939	(404, 2460)
3940	(1157, 1719)
3941	(438, 1150)
3942	(890, 2007)
3943	(1170, 2072)
3944	(624, 686)
3945	(184, 2361)
3946	(305, 2314)
3947	(2006, 2277)
3948	(1753, 2636)
3949	(479, 2551)
3950	(686, 1531)
3951	(1510, 2618)
3952	(806, 1878)
3953	(464, 2579)
3954	(62, 1801)
3955	(1217, 1643)
3956	(1062, 1255)
3957	(1008, 1180)
3958	(736, 2714)
3959	(2187, 2504)
3960	(540, 1315)
3961	(531, 1804)
3962	(1720, 1761)
3963	(2018, 2295)
3964	(654, 947)
3965	(1426, 2159)
3966	(577, 1058)
3967	(312, 1972)
3968	(456, 1510)
3969	(269, 810)
3970	(1471, 2093)
3971	(264, 683)
3972	(2198, 2655)
3973	(139, 912)
3974	(204, 1051)
3975	(418, 1947)
3976	(429, 972)
3977	(71, 696)
3978	(1829, 1977)
3979	(524, 2092)
3980	(1107, 1460)
3981	(1325, 1455)
3982	(50, 1555)
3983	(1124, 1761)
3984	(480, 1054)
3985	(1409, 2018)
3986	(773, 1594)
3987	(2196, 2221)
3988	(1290, 1579)
3989	(1561, 1651)
3990	(239, 1250)
3991	(32, 1271)
3992	(1702, 2316)
3993	(792, 1301)
3994	(1692, 2722)
3995	(1138, 2456)
3996	(1575, 1868)
3997	(2598, 2621)
3998	(1172, 2205)
3999	(1478, 1794)
4000	(1938, 2509)
4001	(760, 1383)
4002	(800, 2490)
4003	(686, 1792)
4004	(422, 2448)
4005	(585, 943)
4006	(1969, 2522)
4007	(750, 1916)
4008	(214, 1911)
4009	(94, 1935)
4010	(1521, 1891)
4011	(110, 616)
4012	(760, 1196)
4013	(232, 1658)
4014	(1944, 2094)
4015	(168, 1869)
4016	(38, 2161)
4017	(1184, 1838)
4018	(386, 1986)
4019	(2477, 2721)
4020	(1881, 2491)
4021	(1070, 2303)
4022	(1629, 2534)
4023	(86, 1065)
4024	(252, 1972)
4025	(173, 1902)
4026	(258, 1171)
4027	(431, 1801)
4028	(1606, 1829)
4029	(1381, 1905)
4030	(1761, 2422)
4031	(844, 960)
4032	(878, 1291)
4033	(863, 1850)
4034	(183, 1076)
4035	(1578, 2686)
4036	(1327, 2284)
4037	(102, 2727)
4038	(828, 2717)
4039	(143, 1678)
4040	(375, 1545)
4041	(545, 1252)
4042	(1307, 1431)
4043	(1056, 2384)
4044	(1523, 2150)
4045	(67, 1498)
4046	(872, 1742)
4047	(364, 960)
4048	(1831, 2007)
4049	(1215, 2355)
4050	(767, 1047)
4051	(1630, 2722)
4052	(1264, 1357)
4053	(1434, 1437)
4054	(205, 1066)
4055	(923, 1433)
4056	(141, 1441)
4057	(306, 1472)
4058	(1162, 2171)
4059	(145, 1469)
4060	(1427, 2075)
4061	(643, 1004)
4062	(1442, 2402)
4063	(398, 2672)
4064	(721, 2182)
4065	(213, 1729)
4066	(685, 1032)
4067	(1295, 1806)
4068	(396, 2375)
4069	(393, 1603)
4070	(1482, 2216)
4071	(495, 1248)
4072	(1246, 2667)
4073	(663, 2569)
4074	(795, 953)
4075	(41, 1143)
4076	(2325, 2334)
4077	(451, 1066)
4078	(1483, 1529)
4079	(797, 2201)
4080	(1009, 2328)
4081	(2050, 2142)
4082	(774, 962)
4083	(623, 686)
4084	(60, 2437)
4085	(571, 2658)
4086	(273, 456)
4087	(25, 369)
4088	(2324, 2722)
4089	(984, 1027)
4090	(203, 772)
4091	(922, 1564)
4092	(1528, 1955)
4093	(149, 1625)
4094	(493, 2073)
4095	(443, 2267)
4096	(166, 359)
4097	(707, 2664)
4098	(1718, 1923)
4099	(405, 1924)
4100	(816, 2188)
4101	(1041, 2023)
4102	(45, 878)
4103	(563, 1937)
4104	(1887, 2152)
4105	(1654, 2285)
4106	(904, 1548)
4107	(149, 2027)
4108	(19, 2122)
4109	(370, 1298)
4110	(553, 794)
4111	(552, 2088)
4112	(749, 1734)
4113	(203, 441)
4114	(469, 2584)
4115	(405, 2139)
4116	(156, 226)
4117	(510, 1762)
4118	(82, 2326)
4119	(1627, 1785)
4120	(1471, 2244)
4121	(625, 1665)
4122	(865, 1891)
4123	(2296, 2505)
4124	(659, 851)
4125	(659, 2464)
4126	(659, 1321)
4127	(383, 659)
4128	(362, 851)
4129	(851, 2166)
4130	(851, 1116)
4131	(1215, 1524)
4132	(370, 701)
4133	(1285, 2173)
4134	(1533, 1794)
4135	(799, 2567)
4136	(409, 799)
4137	(727, 799)
4138	(799, 871)
4139	(69, 2567)
4140	(2567, 2735)
4141	(1951, 2567)
4142	(387, 1314)
4143	(1077, 1254)
4144	(902, 2383)
4145	(32, 729)
4146	(277, 1763)
4147	(557, 2130)
4148	(2251, 2353)
4149	(854, 1334)
4150	(1005, 1612)
4151	(750, 1415)
4152	(1738, 2081)
4153	(818, 2266)
4154	(352, 750)
4155	(1456, 1946)
4156	(1208, 2355)
4157	(722, 2007)
4158	(355, 1059)
4159	(914, 2491)
4160	(516, 1719)
4161	(297, 1156)
4162	(392, 1576)
4163	(317, 1917)
4164	(913, 1309)
4165	(824, 2007)
4166	(1117, 1851)
4167	(806, 2475)
4168	(680, 2378)
4169	(180, 1046)
4170	(1373, 1752)
4171	(270, 1204)
4172	(413, 1666)
4173	(628, 2627)
4174	(244, 2140)
4175	(592, 922)
4176	(975, 1560)
4177	(781, 1259)
4178	(212, 2477)
4179	(732, 1684)
4180	(140, 1639)
4181	(995, 2509)
4182	(433, 520)
4183	(171, 2418)
4184	(483, 1742)
4185	(332, 2199)
4186	(979, 2118)
4187	(692, 1202)
4188	(845, 2041)
4189	(435, 1635)
4190	(488, 1708)
4191	(341, 2388)
4192	(829, 2721)
4193	(794, 1975)
4194	(994, 2450)
4195	(531, 800)
4196	(1223, 2488)
4197	(2069, 2495)
4198	(214, 857)
4199	(1908, 2364)
4200	(2098, 2278)
4201	(794, 2386)
4202	(48, 1561)
4203	(265, 2715)
4204	(202, 574)
4205	(685, 2081)
4206	(961, 1209)
4207	(641, 766)
4208	(32, 2596)
4209	(768, 2738)
4210	(1227, 1462)
4211	(310, 807)
4212	(196, 1072)
4213	(1033, 1884)
4214	(77, 1807)
4215	(2525, 2672)
4216	(585, 1720)
4217	(781, 1494)
4218	(1175, 1736)
4219	(1623, 1801)
4220	(1032, 2464)
4221	(734, 2316)
4222	(1796, 2602)
4223	(1, 2714)
4224	(1608, 2743)
4225	(504, 900)
4226	(137, 2143)
4227	(1698, 1761)
4228	(379, 1315)
4229	(337, 2155)
4230	(2068, 2160)
4231	(2269, 2512)
4232	(1231, 2588)
4233	(31, 1115)
4234	(271, 1761)
4235	(1481, 1706)
4236	(73, 122)
4237	(83, 2510)
4238	(985, 1458)
4239	(1, 736)
4240	(780, 2097)
4241	(900, 2635)
4242	(1937, 2568)
4243	(685, 1088)
4244	(1605, 1999)
4245	(588, 1420)
4246	(121, 2186)
4247	(597, 1964)
4248	(223, 1147)
4249	(1940, 2291)
4250	(252, 1338)
4251	(1329, 1609)
4252	(1721, 2135)
4253	(176, 1608)
4254	(1579, 1829)
4255	(972, 2322)
4256	(101, 2550)
4257	(721, 2195)
4258	(2331, 2587)
4259	(166, 2495)
4260	(975, 2051)
4261	(2224, 2342)
4262	(74, 2007)
4263	(87, 1525)
4264	(1124, 1459)
4265	(405, 1084)
4266	(1129, 2721)
4267	(738, 875)
4268	(1643, 1656)
4269	(1182, 1489)
4270	(1, 933)
4271	(86, 2617)
4272	(885, 2635)
4273	(67, 343)
4274	(953, 2448)
4275	(940, 2321)
4276	(2031, 2316)
4277	(448, 1716)
4278	(2206, 2517)
4279	(1341, 2667)
4280	(754, 1568)
4281	(370, 2212)
4282	(207, 721)
4283	(103, 1170)
4284	(986, 2635)
4285	(607, 1699)
4286	(1612, 2305)
4287	(1623, 2319)
4288	(1469, 1596)
4289	(1356, 1620)
4290	(1582, 1855)
4291	(191, 1339)
4292	(252, 898)
4293	(328, 1516)
4294	(1951, 1965)
4295	(85, 2406)
4296	(536, 738)
4297	(578, 2205)
4298	(1551, 1897)
4299	(96, 2351)
4300	(361, 1083)
4301	(1368, 2382)
4302	(1248, 2144)
4303	(145, 375)
4304	(73, 737)
4305	(1309, 2424)
4306	(2162, 2716)
4307	(730, 946)
4308	(1856, 1976)
4309	(15, 2722)
4310	(291, 2070)
4311	(1261, 1819)
4312	(1768, 2261)
4313	(940, 1856)
4314	(1500, 1852)
4315	(31, 1125)
4316	(1277, 1761)
4317	(80, 265)
4318	(721, 740)
4319	(266, 1882)
4320	(661, 2448)
4321	(686, 2586)
4322	(1619, 1802)
4323	(50, 2571)
4324	(764, 2489)
4325	(2096, 2576)
4326	(1986, 2721)
4327	(747, 2077)
4328	(1091, 1561)
4329	(1212, 1622)
4330	(158, 1926)
4331	(616, 2732)
4332	(644, 852)
4333	(228, 1115)
4334	(629, 1932)
4335	(603, 877)
4336	(1635, 2484)
4337	(1417, 2081)
4338	(589, 2356)
4339	(2195, 2252)
4340	(956, 2379)
4341	(73, 530)
4342	(2284, 2527)
4343	(1246, 1494)
4344	(870, 2490)
4345	(2213, 2705)
4346	(2175, 2575)
4347	(40, 2553)
4348	(1609, 2675)
4349	(2035, 2299)
4350	(68, 2074)
4351	(2338, 2511)
4352	(1978, 2450)
4353	(1322, 1712)
4354	(1089, 1236)
4355	(472, 679)
4356	(1775, 2090)
4357	(901, 2272)
4358	(1159, 1695)
4359	(245, 1978)
4360	(1213, 2039)
4361	(897, 2277)
4362	(18, 1675)
4363	(77, 490)
4364	(600, 1029)
4365	(624, 1771)
4366	(151, 1886)
4367	(1446, 2282)
4368	(164, 178)
4369	(322, 2390)
4370	(252, 538)
4371	(551, 602)
4372	(1159, 2098)
4373	(1519, 2229)
4374	(1823, 2291)
4375	(211, 2417)
4376	(1649, 2617)
4377	(874, 2456)
4378	(439, 2498)
4379	(476, 653)
4380	(476, 1059)
4381	(476, 564)
4382	(1719, 1772)
4383	(1719, 2712)
4384	(1650, 1719)
4385	(1965, 2719)
4386	(1319, 1945)
4387	(219, 1853)
4388	(921, 1586)
4389	(706, 1295)
4390	(2445, 2743)
4391	(565, 1767)
4392	(41, 1388)
4393	(1377, 1709)
4394	(1065, 2481)
4395	(750, 1695)
4396	(1167, 1978)
4397	(215, 1834)
4398	(1401, 2023)
4399	(218, 696)
4400	(1309, 2036)
4401	(501, 1039)
4402	(1498, 2042)
4403	(350, 456)
4404	(464, 2062)
4405	(2326, 2562)
4406	(1061, 2673)
4407	(557, 972)
4408	(252, 271)
4409	(354, 1388)
4410	(1099, 1851)
4411	(2326, 2484)
4412	(266, 642)
4413	(1767, 2263)
4414	(2248, 2625)
4415	(778, 2130)
4416	(704, 2474)
4417	(499, 1057)
4418	(1237, 1829)
4419	(1763, 1857)
4420	(2256, 2695)
4421	(259, 1199)
4422	(1986, 2415)
4423	(801, 1609)
4424	(1829, 2091)
4425	(1143, 1660)
4426	(970, 2181)
4427	(800, 1829)
4428	(1306, 2672)
4429	(2120, 2381)
4430	(2127, 2513)
