0	02128286
1	13904843
2	02504562
3	13561719
4	13743605
5	06428646
6	01732172
7	06398401
8	00826509
9	00924825
10	00911562
11	05148699
12	15140892
13	05032565
14	09998101
15	05546383
16	08053576
17	10345804
18	11531090
19	00555138
20	06733939
21	01127623
22	01644746
23	05301908
24	05154517
25	00849982
26	04829282
27	00900616
28	10668450
29	00355547
30	05154908
31	05476256
32	03728811
33	05124057
34	00250181
35	08110373
36	02952275
37	05332569
38	05793554
39	04635104
40	01812324
41	07286368
42	01194938
43	01012073
44	13955461
45	09979589
46	13913566
47	04833276
48	00933420
49	00663353
50	00628491
51	00316594
52	00703512
53	05464104
54	05532944
55	02108026
56	10335931
57	02716165
58	05444324
59	00904046
60	01474209
61	02579247
62	02554922
63	10077593
64	02624263
65	00038750
66	00022686
67	02023107
68	07528212
69	02679899
70	06384708
71	09877587
72	01197980
73	01635176
74	01557614
75	05499172
76	05495172
77	00723056
78	05417975
79	00334186
80	04735233
81	00634472
82	00726784
83	01253060
84	00162632
85	01871979
86	05267548
87	03526198
88	02284951
89	06671484
90	00781000
91	00856824
92	02376429
93	04544979
94	10409634
95	01284461
96	00704690
97	01138670
98	01259691
99	00588221
100	08566028
101	01238424
102	02702674
103	00199309
104	00169651
105	00707956
106	00905399
107	01086081
108	00931453
109	04898437
110	00652346
111	00140652
112	01792567
113	00874067
114	01026262
115	02964389
116	04852750
117	00280586
118	15144371
119	02869563
120	00550282
121	00158804
122	05230357
123	00690614
124	04321534
125	02143539
126	08107499
127	00654625
128	01627355
129	01666717
130	07539367
131	00290740
132	02130160
133	10053808
134	09997404
135	02256109
136	05670710
137	15271008
138	10518349
139	14446161
140	02486932
141	05705355
142	02331262
143	06252743
144	00015388
145	03721797
146	05758059
147	02600255
148	00618682
149	01385458
150	05294606
151	02735688
152	07423560
153	10160012
154	02310855
155	00079398
156	01345109
157	00595630
158	05827253
159	02611630
160	08061042
161	13282161
162	05816287
163	02463403
164	00090779
165	05459769
166	05576950
167	01474513
168	01329239
169	00094240
170	04831727
171	01422886
172	02219094
173	14412725
174	00041899
175	09631129
176	04377057
177	05556325
178	05581693
179	00854000
180	13365698
181	05652926
182	13970236
183	02685299
184	05765159
185	00192836
186	01001294
187	05492259
188	09190918
189	10693824
190	13989863
191	02610845
192	05304932
193	02354287
194	03384535
195	07357101
196	00101779
197	06650070
198	01686132
199	05563770
200	10380305
201	03733925
202	02128873
203	00347610
204	00876332
205	00611256
206	02542795
207	06712325
208	07160296
209	05835747
210	00248659
211	08189659
212	04599396
213	10741590
214	00926472
215	10509161
216	05310351
217	05093890
218	10415638
219	03050026
220	02274299
221	01209220
222	05537576
223	05199869
224	02344060
225	05576194
226	07490713
227	00418025
228	06324475
229	07526757
230	14051917
231	00626800
232	10681194
233	01191755
234	09632274
235	00609953
236	01824244
237	09774783
238	02553697
239	01046984
240	02245993
241	00232542
242	06367107
243	05480794
244	03485997
245	01291069
246	02108377
247	01993926
248	07443761
249	01101329
250	00611802
251	02501278
252	00105333
253	00180413
254	01620854
255	00656576
256	00030358
257	01072565
258	01685313
259	00353782
260	09179776
261	07270179
262	01322509
263	06260121
264	03257343
265	00713818
266	05610008
267	05869857
268	07522128
269	00484166
270	02230056
271	00332835
272	05538016
273	00067999
274	06043075
275	13872211
276	01642924
277	01129977
278	01380638
279	00019448
280	03967942
281	05501485
282	03075768
283	00903385
284	02526085
285	02304982
286	02598211
287	06732581
288	02261464
289	05221895
290	00853776
291	05367735
292	14778436
293	09424489
294	00926702
295	01237415
296	05930736
297	00238527
298	00664110
299	00002137
300	01239064
301	09628382
302	01032368
303	06684383
304	02458103
305	02376277
306	04905188
307	06428216
308	03074922
309	05541509
310	13253612
311	00145218
312	09178821
313	01149138
314	00003316
315	01771390
316	02665803
317	05493303
318	01014066
319	08664443
320	04620216
321	02137538
322	09476521
323	07283608
324	00699626
325	10595647
326	01105259
327	10495421
328	01312810
329	02128066
330	00084230
331	01636397
332	14317720
333	00838043
334	05034225
335	10399299
336	01813499
337	02220461
338	00112997
339	00644839
340	00512186
341	01894758
342	05540513
343	00229260
344	01712704
345	01974062
346	06090869
347	05309725
348	02897524
349	00594621
350	05311054
351	00728849
352	05503705
353	14420954
354	00042311
355	00592883
356	02670398
357	05634219
358	02130300
359	02232190
360	05702275
361	08239808
362	09257949
363	07531255
364	00378985
365	05275651
366	03269401
367	00689205
368	02471762
369	01626138
370	02005756
371	01097292
372	00660971
373	02479990
374	00752144
375	00803815
376	02569790
377	00055871
378	05512139
379	01295275
380	00483146
381	10794014
382	00004605
383	00114095
384	00005041
385	00147454
386	00739662
387	08623927
388	06765044
389	14425414
390	02642814
391	08435388
392	02549581
393	01057200
394	10634316
395	02031158
396	05596004
397	05236152
398	05327767
399	01246579
400	10045713
401	08242100
402	06724763
403	01554799
404	05367912
405	04828925
406	02281093
407	10041195
408	06741305
409	00612042
410	10120816
411	02500902
412	00372013
413	05570839
414	01088923
415	14004317
416	05423779
417	05941423
418	02309341
419	05302499
420	05818741
421	10729175
422	01187810
423	02202384
424	04733640
425	00765977
426	06551784
427	07546125
428	14562960
429	10107303
430	05269901
431	02386012
432	10476086
433	01346804
434	07491708
435	01126961
436	00905852
437	05433496
438	02621853
439	07248060
440	00360932
441	00721437
442	09621545
443	00238022
444	05194151
445	09837824
446	01045419
447	13844212
448	01119169
449	01494310
450	05755883
451	05854150
452	05286536
453	00532607
454	05272110
455	01131043
456	04773596
457	08081668
458	03104594
459	05505679
460	05475878
461	00476819
462	02499629
463	05511618
464	06549661
465	02530861
466	01348530
467	02603673
468	01074650
469	01108148
470	00147187
471	00651991
472	06004067
473	00954608
474	01211019
475	08058098
476	14324274
477	02684924
478	05559256
479	04616059
480	07988857
481	09366317
482	05434927
483	01931768
484	01653013
485	01332730
486	02451370
487	10336234
488	05314639
489	05462674
490	01145359
491	10339504
492	05344514
493	05478336
494	15142167
495	01090446
496	09812338
497	04726938
498	00720565
499	01120448
500	13555446
501	02340543
502	00941974
503	01970826
504	06171040
505	02145543
506	01814815
507	06080522
508	05633385
509	00043411
510	07211950
511	01069125
512	02410855
513	05529159
514	01769843
515	05593654
516	04673965
517	05829782
518	10301261
519	00680841
520	05090441
521	06740644
522	01333301
523	02408965
524	14061462
525	00806502
526	07176682
527	01350449
528	05217168
529	00575741
530	02102484
531	14451349
532	06054700
533	10692883
534	00803617
535	00859325
536	01180695
537	01352574
538	00109660
539	00360650
540	01643657
541	05867413
542	01623967
543	00658082
544	01925372
545	02678384
546	00715674
547	03748886
548	01639714
549	15266911
550	05590366
551	04693384
552	13929852
553	01767949
554	04451473
555	07372959
556	01782432
557	05547396
558	00834259
559	01698271
560	02308741
561	02143283
562	00909573
563	00625393
564	01441100
565	00062806
566	00976365
567	10150794
568	09437369
569	14491271
570	00896497
571	05984584
572	03571155
573	13381145
574	00905677
575	07096661
576	00140900
577	09912995
578	05216365
579	01463965
580	08510666
581	05928513
582	02338975
583	13244109
584	06648207
585	05344848
586	00734348
587	05287882
588	00830761
589	10225219
590	02938886
591	05872982
592	05951566
593	05217859
594	00794079
595	05780104
596	05654362
597	01108753
598	00411020
599	05495981
600	01588172
601	01558883
602	00921300
603	02507736
604	01098869
605	02224055
606	07150644
607	01820302
608	07247071
609	00240293
610	03839993
611	00872886
612	07309781
613	03953020
614	00929718
615	05952979
616	02130524
617	00893741
618	02034828
619	01410363
620	05543177
621	10264219
622	00710005
623	09773962
624	01770802
625	14052046
626	00584367
627	00859153
628	00650353
629	13489037
630	05738625
631	07985223
632	10296832
633	00023100
634	01738774
635	01697027
636	05315095
637	02690941
638	01754576
639	00051045
640	07320302
641	00756331
642	05465567
643	01096454
644	13085864
645	01646866
646	03201208
647	05562249
648	05379734
649	00252019
650	00999817
651	02733187
652	02081178
653	00696518
654	00767826
655	13988663
656	09882716
657	02354537
658	01818835
659	01735308
660	01797204
661	00933154
662	04693900
663	02171039
664	08401554
665	07514968
666	00672017
667	01106864
668	05510173
669	01048939
670	01202415
671	00638585
672	04754440
673	00835903
674	10369528
675	00112312
676	06685198
677	02210855
678	06634376
679	07324380
680	09885145
681	00351638
682	06528992
683	01412346
684	04871720
685	02747667
686	01933900
687	00696189
688	07496463
689	02169891
690	05804793
691	00033020
692	01193721
693	01191645
694	05658826
695	00488770
696	04910973
697	00354884
698	01895630
699	10686313
700	02073714
701	00381680
702	05584928
703	00119074
704	01872877
705	06552984
706	07159791
707	01096497
708	00034574
709	05282000
710	04712735
711	02730135
712	02868326
713	00949134
714	06725877
715	00782527
716	05296253
717	01089878
718	00879759
719	04687333
720	02335828
721	14421139
722	05405946
723	00875141
724	02667900
725	01194238
726	00969873
727	05232691
728	05702726
729	02645007
730	04748836
731	06374587
732	07289014
733	13969243
734	00779601
735	01590747
736	00654885
737	01552519
738	01142519
739	01711749
740	05250659
741	10592595
742	02111684
743	06711159
744	02440523
745	01955508
746	01968569
747	10694258
748	13981403
749	04631298
750	00940384
751	01116968
752	05280365
753	03906997
754	01363613
755	02450256
756	14403282
757	08368907
758	09608002
759	05176477
760	03779370
761	06770275
762	06591442
763	00211110
764	05891783
765	10624310
766	06738281
767	05141222
768	10707233
769	05546040
770	05565937
771	02660819
772	00359614
773	02513269
774	01647672
775	00248026
776	00976653
777	02504131
778	08663354
779	01557774
780	07246036
781	10614363
782	07366289
783	05418717
784	05387395
785	15145171
786	00952524
787	08166187
788	01323449
789	13773539
790	00038849
791	00495998
792	02626604
793	10425946
794	02569130
795	05595531
796	05285275
797	01640207
798	05602548
799	00742320
800	05343718
801	05755156
802	05516366
803	01346003
804	02055062
805	01020356
806	02743261
807	03882611
808	08082236
809	00279835
810	01867502
811	11567411
812	05604950
813	00142191
814	10768585
815	01247647
816	01640855
817	05696425
818	09469285
819	06161718
820	02099019
821	02506546
822	13576982
823	01189282
824	00768062
825	00730052
826	03091374
827	02397637
828	00923321
829	03247620
830	00278810
831	00844254
832	01432474
833	09902954
834	05277728
835	07020538
836	02467662
837	01135952
838	02327200
839	05849040
840	01178565
841	00090186
842	01215168
843	10411551
844	09939313
845	10484526
846	05788149
847	01516071
848	10099375
849	07942152
850	00694068
851	09615807
852	04669247
853	09901143
854	02450505
855	05785067
856	02490877
857	01226215
858	05473104
859	02728784
860	01604696
861	02154312
862	02200686
863	07121157
864	09811712
865	00893955
866	00829761
867	02166460
868	01378556
869	06722453
870	05559908
871	00002684
872	07513508
873	05501185
874	13096863
875	01092366
876	05544575
877	00045250
878	10434725
879	01998793
880	00583461
881	06282651
882	00763901
883	06259898
884	01109467
885	10786517
886	00403783
887	05281189
888	01685601
889	02262542
890	00342980
891	01115349
892	00165178
893	02150948
894	01212572
895	00528990
896	01762839
897	09926862
898	02505141
899	00666510
900	05556204
901	01183573
902	01149494
903	02618149
904	09184834
905	04841358
906	02550460
907	07121361
908	02414710
909	05888929
910	05854812
911	02436349
912	02008066
913	01865197
914	00261705
915	00896803
916	01093172
917	05263850
918	01207609
919	00896141
920	13286640
921	01146576
922	09824361
923	01668603
924	00732224
925	06347996
926	14287113
927	10412055
928	07326557
929	09976429
930	05029706
931	00991838
932	02698944
933	01260867
934	00638981
935	13580415
936	01549187
937	00007347
938	09608709
939	01797347
940	07976936
941	02294179
942	13905121
943	05470189
944	01631830
945	07150850
946	09985279
947	00482473
948	05294819
949	10721470
950	01326291
951	13278375
952	07951464
953	01022008
954	00593732
955	08081403
956	02701628
957	05395098
958	00921738
959	00087152
960	05599203
961	10285762
962	00256507
963	10483890
964	13089631
965	05432948
966	03122748
967	01070777
968	00802946
969	01072236
970	04686003
971	06196584
972	09612848
973	05284851
974	07359599
975	00205598
976	00146138
977	00007846
978	06693198
979	00113113
980	10399130
981	00044150
982	05386845
983	05485554
984	07292694
985	01478002
986	00727791
987	04762355
988	07290905
989	10160412
990	01120069
991	00760956
992	05773049
993	01796519
994	05935060
995	02348324
996	13576101
997	02589013
998	00924431
999	01815185
1000	09792237
1001	10716005
1002	13792692
1003	01723690
1004	00700708
1005	01647867
1006	01020005
1007	00186616
1008	10001058
1009	00919513
1010	01129876
1011	10482220
1012	02666239
1013	00642098
1014	10515194
1015	02649830
1016	03840327
1017	04618070
1018	02760116
1019	00394813
1020	09802050
1021	05770664
1022	08436759
1023	02600948
1024	09385137
1025	06740402
1026	01765392
1027	05328867
1028	01084637
1029	00554850
1030	10296618
1031	01435380
1032	02603699
1033	10631941
1034	07409592
1035	02346895
1036	07510625
1037	10560637
1038	01072949
1039	04890112
1040	08457976
1041	00770270
1042	13971561
1043	02286687
1044	05481095
1045	00066025
1046	02853218
1047	13896369
1048	00301187
1049	00040152
1050	01777817
1051	13954818
1052	00603298
1053	02419073
1054	05534174
1055	02150510
1056	05395286
1057	05823932
1058	00143251
1059	05804274
1060	06078327
1061	07293180
1062	01642437
1063	01621555
1064	05790242
1065	05941037
1066	00428270
1067	10058411
1068	00560893
1069	05692910
1070	06037666
1071	07212424
1072	01880531
1073	01313923
1074	01619725
1075	00947128
1076	05989479
1077	00888009
1078	05566504
1079	10162991
1080	06037298
1081	01617192
1082	01560731
1083	06757891
1084	02947212
1085	05461816
1086	11414608
1087	00070641
1088	01093587
1089	03597469
1090	07555014
1091	05352291
1092	05809192
1093	00812580
1094	07370671
1095	02229055
1096	00599992
1097	07340249
1098	02566528
1099	00497705
1100	01009240
1101	02630189
1102	06652242
1103	09979321
1104	02669789
1105	00733632
1106	02440244
1107	03303965
1108	14485526
1109	01212519
1110	10741821
1111	00671190
1112	01641914
1113	00770437
1114	04792127
1115	00991151
1116	08629508
1117	01156834
1118	02510446
1119	05313679
1120	05542193
1121	00164816
1122	05273822
1123	06740183
1124	05984287
1125	01127245
1126	07214432
1127	05289601
1128	00426581
1129	07177924
1130	13987423
1131	00037457
1132	01724459
1133	10763245
1134	05500992
1135	06078088
1136	01323355
1137	06373747
1138	00199707
1139	02551144
1140	07291794
1141	01074694
1142	07529563
1143	03081021
1144	05978623
1145	05753564
1146	05806623
1147	01797051
1148	01319874
1149	02460502
1150	06710546
1151	05831939
1152	01309143
1153	01111016
1154	00698855
1155	00899927
1156	09201031
1157	13989627
1158	15140405
1159	15113229
1160	07992450
1161	09915964
1162	03061081
1163	06763681
1164	05497363
1165	05296639
1166	03076708
1167	00355252
1168	13455487
1169	01012712
1170	08108627
1171	07360647
1172	14333433
1173	05262185
1174	14298815
1175	01229938
1176	00634906
1177	05233420
1178	00922327
1179	01052853
1180	01802219
1181	06095022
1182	00245457
1183	00933821
1184	00257269
1185	01136519
1186	00082081
1187	04869569
1188	01999423
1189	00141806
1190	01280014
1191	01807882
1192	14757848
1193	01672168
1194	07248801
1195	05372428
1196	04922113
1197	10214230
1198	01922763
1199	00895304
1200	01015244
1201	10012989
1202	06686736
1203	01127379
1204	01370590
1205	00429968
1206	05919866
1207	01921204
1208	03100490
1209	00391599
1210	05623818
1211	10737431
1212	05822746
1213	10630188
1214	01644050
1215	00562398
1216	00773814
1217	05348884
1218	00081725
1219	10059162
1220	00397760
1221	13792579
1222	00835267
1223	02115778
1224	07450651
1225	02416278
1226	01275562
1227	00835032
1228	07151892
1229	05544078
1230	05718935
1231	01771535
1232	07975026
1233	05131283
1234	02051031
1235	06371413
1236	01028082
1237	02455407
1238	00163592
1239	00056334
1240	00054628
1241	01601234
1242	00019128
1243	10624540
1244	02257370
1245	01447257
1246	00212173
1247	13969700
1248	00543233
1249	02573275
1250	05550330
1251	09678009
1252	05003090
1253	00237078
1254	01085098
1255	01821423
1256	00230746
1257	06208021
1258	00776523
1259	00704388
1260	01802494
1261	00031264
1262	01871680
1263	00598954
1264	00240131
1265	00331950
1266	00841628
1267	02379528
1268	00805376
1269	00467451
1270	00878636
1271	01029852
1272	10161178
1273	13440063
1274	00344125
1275	01906823
1276	07203126
1277	05734018
1278	05339357
1279	01796346
1280	05549830
1281	14548343
1282	00169806
1283	09379111
1284	09962966
1285	07323922
1286	00882159
1287	01873942
1288	05268965
1289	01060234
1290	00928630
1291	02461723
1292	01981699
1293	10308504
1294	03563967
1295	05271383
1296	13285176
1297	05510702
1298	13095685
1299	00317207
1300	01240210
1301	00734054
1302	05397468
1303	00604811
1304	10461747
1305	02170427
1306	09258715
1307	00367685
1308	01018630
1309	07492516
1310	00558371
1311	05593476
1312	01921964
1313	07048000
1314	02945820
1315	00689344
1316	10421956
1317	01796800
1318	07939638
1319	02290029
1320	01107932
1321	02513989
1322	00879356
1323	01014731
1324	05593017
1325	01096245
1326	01653873
1327	00006484
1328	00014549
1329	02500619
1330	00471613
1331	00327031
1332	11083656
1333	07963987
1334	05229990
1335	00061598
1336	07535209
1337	00059552
1338	13428159
1339	03540267
1340	00027705
1341	14000403
1342	02208265
1343	05692419
1344	02260085
1345	02418872
1346	06389553
1347	05542052
1348	05467054
1349	05651680
1350	07151122
1351	02684254
1352	04723816
1353	09771664
1354	05830059
1355	00397953
1356	07544647
1357	10309347
1358	01311378
1359	03302121
1360	05579944
1361	01808769
1362	00789534
1363	02446164
1364	07324673
1365	01309701
1366	00322457
1367	00064889
1368	13939892
1369	02604760
1370	02982790
1371	08252211
1372	10251779
1373	02494356
1374	05395690
1375	08111157
1376	00913065
1377	02291843
1378	05761918
1379	05555473
1380	07213395
1381	05462057
1382	05293773
1383	02573127
1384	00732552
1385	06687701
1386	02559752
1387	05430095
1388	02766534
1389	00380083
1390	04867130
1391	01125429
1392	00237869
1393	01590171
1394	01207951
1395	01822248
1396	00055539
1397	10407726
1398	08359949
1399	04713332
1400	05533948
1401	09764201
1402	05779371
1403	02123903
1404	05117660
1405	00635850
1406	00485609
1407	02367363
1408	01440801
1409	00908909
1410	04096848
1411	04760771
1412	13872421
1413	00429060
1414	01208291
1415	14492953
1416	05564323
1417	00607780
1418	03181293
1419	02374914
1420	05564590
1421	06226057
1422	00590518
1423	10487182
1424	02549847
1425	06206800
1426	10423589
1427	07208930
1428	11665372
1429	05803938
1430	03109399
1431	10743124
1432	02152812
1433	01041111
1434	00959731
1435	01934205
1436	00157081
1437	08420278
1438	01157517
1439	02201644
1440	02293321
1441	05868477
1442	05293597
1443	13576355
1444	02413480
1445	00446493
1446	05195362
1447	01082606
1448	06593099
1449	06552639
1450	00837288
1451	00903668
1452	04176528
1453	00099951
1454	00644503
1455	07428450
1456	00880269
1457	15274074
1458	04876985
1459	00570590
1460	10563826
1461	02255462
1462	02144644
1463	14006945
1464	05833371
1465	02578008
1466	00668805
1467	00882948
1468	01113867
1469	00156812
1470	00024720
1471	01209678
1472	05580416
1473	05545047
1474	01882170
1475	13086908
1476	01292885
1477	02189714
1478	07160116
1479	02116118
1480	07534430
1481	04526241
1482	01508719
1483	00883297
1484	00029677
1485	00927017
1486	05779712
1487	06601327
1488	02840619
1489	09928451
1490	09184975
1491	00151497
1492	01906322
1493	01085937
1494	00359903
1495	05154676
1496	08059870
1497	03224032
1498	05916739
1499	00157957
1500	04341686
1501	04099175
1502	00713167
1503	10583916
1504	07160883
1505	01619354
1506	07495327
1507	15055633
1508	07052291
1509	02244956
1510	14037011
1511	05578095
1512	01202904
1513	02528163
1514	05325378
1515	05467432
1516	08069878
1517	07337390
1518	02547586
1519	02157399
1520	00442267
1521	04413151
1522	06377442
1523	01070102
1524	03932203
1525	01447632
1526	06687358
1527	05594367
1528	00600724
1529	00171852
1530	04836683
1531	01769902
1532	11410625
1533	00156625
1534	05556943
1535	02037272
1536	00685638
1537	01315613
1538	02106006
1539	01053207
1540	08624656
1541	09767197
1542	01650610
1543	05732756
1544	07201365
1545	05329215
1546	03722007
1547	02245765
1548	06880249
1549	00909219
1550	13986679
1551	13532886
1552	01129532
1553	00715074
1554	01075164
1555	00953559
1556	07528470
1557	00766418
1558	06157326
1559	02713097
1560	02156063
1561	06057539
1562	00673766
1563	04877421
1564	02519555
1565	03038281
1566	06156968
1567	05534333
1568	06878071
1569	00034288
1570	10756433
1571	05792842
1572	00849332
1573	05109808
1574	02395782
1575	00426928
1576	06598915
1577	02469835
1578	11419404
1579	01211699
1580	00150202
1581	05817396
1582	10284064
1583	09802239
1584	01308381
1585	01895219
1586	09927451
1587	01770501
1588	05714161
1589	01074498
1590	05352433
1591	00898518
1592	00503164
1593	04254777
1594	02872333
1595	01258617
1596	02376089
1597	15047313
1598	08063446
1599	00053913
1600	05426989
1601	02715229
1602	04840981
1603	05833840
1604	05254795
1605	02051694
1606	14285276
1607	08108972
1608	00064095
1609	01996377
1610	10271216
1611	05926676
1612	00069295
1613	06782019
1614	10731244
1615	05237755
1616	03601638
1617	10261041
1618	05775081
1619	00197772
1620	00670261
1621	00631737
1622	01215392
1623	07941170
1624	00360757
1625	00914632
1626	00797697
1627	07537485
1628	00941777
1629	08648322
1630	00799383
1631	00911350
1632	07747455
1633	02662297
1634	02646757
1635	01783158
1636	01511380
1637	06136258
1638	05802185
1639	00486018
1640	09626589
1641	10740219
1642	02687385
1643	00608502
1644	05735478
1645	09632518
1646	10553805
1647	01817500
1648	02286204
1649	07521674
1650	13331634
1651	05228020
1652	00987071
1653	10658304
1654	00745637
1655	05320362
1656	10564224
1657	04933544
1658	02157557
1659	07252764
1660	13413493
1661	02981759
1662	01649999
1663	06367373
1664	14418395
1665	01808626
1666	05318831
1667	01206553
1668	04879092
1669	00240184
1670	00148978
1671	00126264
1672	01051331
1673	08310389
1674	01641632
1675	00973077
1676	02621395
1677	00093483
1678	00643250
1679	04080833
1680	02122164
1681	03674440
1682	00196485
1683	11452218
1684	00191142
1685	00441445
1686	06605897
1687	05601758
1688	00019613
1689	00635205
1690	13791389
1691	01072072
1692	02877704
1693	00851239
1694	05565696
1695	01035530
1696	00239230
1697	08307589
1698	00363260
1699	01364008
1700	10592397
1701	07037465
1702	01150938
1703	02660147
1704	14050143
1705	00661091
1706	00161243
1707	05594822
1708	07050619
1709	01160031
1710	00032613
1711	06694540
1712	04231693
1713	00066191
1714	05435277
1715	00386915
1716	04631067
1717	10722385
1718	02230247
1719	01039140
1720	01109687
1721	09614315
1722	10418101
1723	10637635
1724	02609764
1725	14299637
1726	06252138
1727	00121865
1728	05491612
1729	01110274
1730	05436752
1731	00764902
1732	13580723
1733	02326355
1734	07170753
1735	00910973
1736	08651247
1737	01181475
1738	09771435
1739	05637558
1740	02258291
1741	00119524
1742	02991302
1743	04321238
1744	00081572
1745	05515670
1746	00773402
1747	10716389
1748	01282545
1749	02700104
1750	05539595
1751	01091905
1752	02719399
1753	05544432
1754	01492052
1755	00192051
1756	07414740
1757	00972621
1758	02290461
1759	14034177
1760	05752544
1761	10365514
1762	01947266
1763	00952963
1764	02169352
1765	00249780
1766	01104637
1767	05838765
1768	02669081
1769	05313822
1770	02673965
1771	01241331
1772	07956887
1773	01844431
1774	05537806
1775	00662182
1776	03738472
1777	10670668
1778	14379829
1779	00975902
1780	08357784
1781	00760402
1782	05837957
1783	01322675
1784	02107588
1785	01069391
1786	03005920
1787	04759849
1788	00958880
1789	01115162
1790	05789432
1791	02540670
1792	00253761
1793	02445509
1794	00911048
1795	06652878
1796	05385534
1797	07450842
1798	02469274
1799	00339934
1800	01855606
1801	01886756
1802	04638175
1803	05473928
1804	10555679
1805	05349659
1806	10495167
1807	00886978
1808	07497473
1809	05946687
1810	10066732
1811	00121366
1812	06420781
1813	05405554
1814	00241038
1815	00701040
1816	05597594
1817	05541231
1818	00645415
1819	10019888
1820	01214171
1821	13928668
1822	02991048
1823	00351963
1824	10214637
1825	08108784
1826	02242464
1827	00859001
1828	01215902
1829	09777353
1830	09777012
1831	00026192
1832	01201089
1833	05342214
1834	01198779
1835	13550318
1836	10568443
1837	01241767
1838	01629276
1839	00686447
1840	07491038
1841	05254197
1842	00518395
1843	07252206
1844	06479665
1845	10429965
1846	02383831
1847	05331653
1848	05142180
1849	02607909
1850	06158346
1851	05474738
1852	06749881
1853	05314255
1854	07300960
1855	13780719
1856	00963570
1857	00147862
1858	08109624
1859	00004258
1860	01374582
1861	10524413
1862	05675905
1863	02107248
1864	05585665
1865	00868910
1866	10045454
1867	09279458
1868	10745894
1869	00199130
1870	05828102
1871	05316025
1872	00482893
1873	09623038
1874	05764197
1875	02820210
1876	06379568
1877	02623529
1878	04835724
1879	01548193
1880	04782878
1881	00927261
1882	13458571
1883	07202579
1884	05529286
1885	05840650
1886	05588551
1887	01752884
1888	09815790
1889	02157100
1890	05225602
1891	02406916
1892	06681551
1893	02620587
1894	07200527
1895	08103777
1896	05283816
1897	01632411
1898	00759551
1899	00082308
1900	07997703
1901	07496755
1902	10209082
1903	07452348
1904	02203362
1905	05578740
1906	05602132
1907	13859043
1908	01658188
1909	00079018
1910	06740919
1911	07109019
1912	01239494
1913	07139700
1914	01127795
1915	06504462
1916	05230603
1917	13549672
1918	09617867
1919	04812268
1920	09781504
1921	02979722
1922	02036578
1923	07500741
1924	05775407
1925	10717589
1926	00727573
1927	01761120
1928	00023773
1929	04016240
1930	00151689
1931	00432683
1932	06200344
1933	00818466
1934	07527352
1935	02515214
1936	06511874
1937	10227985
1938	01059123
1939	04846770
1940	14285662
1941	00964569
1942	10090498
1943	06648724
1944	00607775
1945	10428004
1946	06066555
1947	00062451
1948	01624633
1949	09821253
1950	02260362
1951	01772960
1952	00999815
1953	13365286
1954	13961642
1955	00875246
1956	07467846
1957	01637982
1958	00084738
1959	06671637
1960	01248782
1961	01421122
1962	00660571
1963	10112591
1964	02112029
1965	00248977
1966	02343374
1967	01439190
1968	06806469
1969	05796423
1970	07515790
1971	00679389
1972	13812607
1973	04864515
1974	07355887
1975	05435477
1976	10681557
1977	01970646
1978	00004475
1979	00771632
1980	00955601
1981	00715239
1982	15291199
1983	00940709
1984	14866889
1985	00765649
1986	09624559
1987	05447599
1988	00258665
1989	10524223
1990	02112891
1991	01227190
1992	01489465
1993	10191613
1994	00996969
1995	00061792
1996	05474976
1997	10466918
1998	09849598
1999	02131072
2000	03082979
2001	00745005
2002	09878275
2003	03746574
2004	00907930
2005	00352826
2006	03055809
2007	10789963
2008	00588797
2009	01721169
2010	05343542
2011	00017222
2012	02560767
2013	02796623
2014	04840011
2015	00422551
2016	05473735
2017	14419164
2018	05327134
2019	01151097
2020	01878466
2021	14315192
2022	05582305
2023	13989280
2024	10524973
2025	01321230
2026	00722232
2027	05701363
2028	01190884
2029	00082563
2030	00820976
2031	03278248
2032	13265904
2033	09882007
2034	05340795
2035	05614476
2036	04250850
2037	04999741
2038	01224001
2039	00940842
2040	01456463
2041	00726300
2042	05237227
2043	01955127
2044	07423001
2045	00744758
2046	14452294
2047	08101410
2048	03959936
2049	02306462
2050	00779061
2051	05398609
2052	02439501
2053	02611002
2054	05485314
2055	02658283
2056	02560164
2057	04826771
2058	01806505
2059	09206985
2060	00050693
2061	00091968
2062	00002573
2063	15265518
2064	02608823
2065	00644967
2066	04033995
2067	13524925
2068	05803379
2069	00388065
2070	14877585
2071	10752719
2072	01653442
2073	09630641
2074	00125841
2075	06400510
2076	01230965
2077	07447261
2078	07372779
2079	00376063
2080	13928388
2081	01225970
2082	05143690
2083	01872645
2084	01172889
2085	09224911
2086	04827652
2087	02589576
2088	05502090
2089	02699141
2090	05313115
2091	02551832
2092	10046527
2093	02860389
2094	01191838
2095	02320374
2096	03377582
2097	05574151
2098	05509889
2099	07311115
2100	13970764
2101	00318035
2102	00510050
2103	06392935
2104	04186848
2105	05544906
2106	01128193
2107	02806907
2108	04662951
2109	01008801
2110	10138767
2111	05563034
2112	07313636
2113	05585205
2114	05309050
2115	10335246
2116	00766234
2117	00013160
2118	01032040
2119	05367341
2120	05532795
2121	09979072
2122	02734192
2123	07532112
2124	01989669
2125	04677514
2126	07493280
2127	01239359
2128	00748282
2129	02756098
2130	01896478
2131	01996574
2132	00719734
2133	10708292
2134	02735418
2135	10522035
2136	00156390
2137	04872531
2138	00294884
2139	00096343
2140	04778630
2141	11458624
2142	05845140
2143	05314919
2144	00044455
2145	05605192
2146	01256332
2147	04456276
2148	07162545
2149	01559055
2150	07203696
2151	00717358
2152	05560244
2153	00648977
2154	00096513
2155	10657306
2156	00283127
2157	05426243
2158	01638368
2159	00411009
2160	00341285
2161	00678010
2162	01211098
2163	02554422
2164	05761559
2165	02577061
2166	05445668
2167	01340439
2168	07553301
2169	05570129
2170	00931555
2171	10626867
2172	00252990
2173	01281611
2174	02468793
2175	08060193
2176	02550516
2177	05128519
2178	02387486
2179	05726345
2180	01831531
2181	13864965
2182	01182709
2183	02578510
2184	05465868
2185	02676789
2186	02399331
2187	02199590
2188	09984659
2189	09614684
2190	02125460
2191	05239808
2192	03699975
2193	00205046
2194	04910377
2195	01704953
2196	00407535
2197	00761713
2198	01800349
2199	00205885
2200	00900070
2201	00903711
2202	04761212
2203	05553288
2204	00729109
2205	00602805
2206	02789271
2207	02585050
2208	04829550
2209	01647229
2210	00190115
2211	01548694
2212	02426171
2213	01209953
2214	09800249
2215	01816431
2216	01363648
2217	00771961
2218	14412882
2219	00206998
2220	07298982
2221	03180969
2222	03018802
2223	04546855
2224	02407987
2225	01992503
2226	01027379
2227	13927383
2228	04576211
2229	00055142
2230	05430628
2231	00740577
2232	00778275
2233	04451818
2234	02887970
2235	03879854
2236	01753788
2237	13920835
2238	00588998
2239	10056103
2240	07372565
2241	00925873
2242	04203705
2243	02349212
2244	02734217
2245	00883611
2246	00643473
2247	02707429
2248	02782815
2249	01139194
2250	13558696
2251	06346681
2252	06193203
2253	05805475
2254	07969695
2255	00688377
2256	05220461
2257	10401829
2258	02607455
2259	00284798
2260	10090020
2261	00094460
2262	10609092
2263	13962166
2264	02129289
2265	00556193
2266	05532225
2267	05551318
2268	05370918
2269	05701944
2270	00127531
2271	00939035
2272	00422090
2273	01775164
2274	08402442
2275	02231661
2276	13945102
2277	02391803
2278	02447793
2279	13486270
2280	09786922
2281	02247977
2282	07325190
2283	00116376
2284	05624700
2285	05551711
2286	07050177
2287	01221611
2288	02325968
2289	02428924
2290	05748285
2291	00249501
2292	06750154
2293	01796582
2294	07251619
2295	00383606
2296	02548710
2297	07993279
2298	05194578
2299	05335310
2300	01498872
2301	00023271
2302	02125223
2303	02207206
2304	05840188
2305	02248465
2306	04895246
2307	02432530
2308	01279631
2309	00559102
2310	01140839
2311	00691312
2312	00815686
2313	01686439
2314	07452699
2315	04617562
2316	00352558
2317	05546540
2318	00231557
2319	05504532
2320	09928136
2321	04880830
2322	02352019
2323	06721949
2324	01995549
2325	01033458
2326	02664769
2327	00205891
2328	14322699
2329	00368109
2330	01762283
2331	08358594
2332	05825245
2333	05978159
2334	05395548
2335	00345761
2336	10605985
2337	01023820
2338	04424418
2339	05471629
2340	06633363
2341	05806855
2342	02294436
2343	00829107
2344	01036333
2345	04871374
2346	00606370
2347	02390470
2348	11960540
2349	07201804
2350	00516086
2351	10383816
2352	02167052
2353	00067274
2354	00893167
2355	02676054
2356	14311348
2357	08106934
2358	00213186
2359	01462005
2360	01293389
2361	05568767
2362	07543288
2363	05590740
2364	01633343
2365	05805902
2366	04160372
2367	05559727
2368	01804961
2369	05770926
2370	09629752
2371	14422179
2372	07208338
2373	00590924
2374	03954731
2375	00377169
2376	10165448
2377	06694796
2378	03093792
2379	01990694
2380	00612160
2381	00136991
2382	01395617
2383	01046932
2384	01423285
2385	05566097
2386	02230772
2387	07950920
2388	01567275
2389	00787465
2390	00612612
2391	02285629
2392	02217695
2393	11579418
2394	05528854
2395	00831651
2396	04863969
2397	04847991
2398	00907147
2399	00657260
2400	01815628
2401	02551602
2402	05305614
2403	07993929
2404	07162680
2405	06766190
2406	06598445
2407	10383505
2408	01354673
2409	00594058
2410	00958896
2411	01394464
2412	00404642
2413	01170962
2414	00958334
2415	05993844
2416	00207418
2417	01813884
2418	01656788
2419	10418841
2420	01127019
2421	01654628
2422	01556921
2423	01835496
2424	05376844
2425	03161725
2426	00589624
2427	01184814
2428	00004227
2429	05616246
2430	10703905
2431	00918312
2432	01040707
2433	02251743
2434	00942234
2435	05545212
2436	01095753
2437	04852088
2438	10773394
2439	05271814
2440	00138956
2441	07974025
2442	05547508
2443	01776214
2444	00548173
2445	06153846
2446	10670310
2447	00747418
2448	13253255
2449	13777344
2450	00070816
2451	01030832
2452	05299178
2453	00506299
2454	01760944
2455	06649567
2456	05317960
2457	01825671
2458	02128653
2459	02713218
2460	05317191
2461	01999798
2462	02671880
2463	13810323
2464	00336922
2465	00152887
2466	05472032
2467	01249315
2468	00754118
2469	06783598
2470	00729108
2471	09610660
2472	07245125
2473	00833702
2474	00382635
2475	00875394
2476	05917477
2477	05585383
2478	03398467
2479	02555434
2480	00201671
2481	09855630
2482	01069190
2483	01058574
2484	05301072
2485	13266170
2486	05483890
2487	10020031
2488	13583724
2489	00360143
2490	05614175
2491	02586121
2492	01228877
2493	05496990
2494	00376400
2495	02219940
2496	10786033
2497	03281145
2498	00163779
2499	01697816
2500	01012360
2501	01123598
2502	00630026
2503	02464866
2504	13279262
2505	05332225
2506	03154446
2507	00884540
2508	00664276
2509	00672277
2510	00172710
2511	07553964
2512	03365592
2513	05593871
2514	05560787
2515	08060446
2516	00071646
2517	08054721
2518	09442838
2519	01027668
2520	01021889
2521	00137313
2522	00084562
2523	01342269
2524	01240432
2525	00920336
2526	05466696
2527	07140978
2528	01344293
2529	00695226
2530	14960090
2531	01468058
2532	09769929
2533	06643408
2534	10708454
2535	02271544
2536	07252378
2537	02495922
2538	00674607
2539	09762821
2540	14578471
2541	05609884
2542	02375131
2543	00734587
2544	00583990
2545	02298471
2546	08082602
2547	05387167
2548	04826235
2549	02121511
2550	03385117
2551	00981083
2552	03183080
2553	03294833
2554	04151940
2555	09906538
2556	00706243
2557	13426376
2558	01127215
2559	05869584
2560	02557199
2561	04164989
2562	01666327
2563	09901642
2564	01904930
2565	02570062
2566	00282050
2567	01759326
2568	00788097
2569	07109196
2570	01912893
2571	00159177
2572	01089778
2573	02539788
2574	07328942
2575	00190999
2576	00494907
2577	04897762
2578	01261974
2579	00838856
2580	00359238
2581	02179279
2582	00239910
2583	01820901
2584	07514345
2585	14286549
2586	00170844
2587	01023574
2588	00744443
2589	02138659
2590	02736778
2591	00081836
2592	01320009
2593	00604576
2594	00631391
2595	08441203
2596	02942769
2597	00123170
2598	01355326
2599	05996646
2600	02323286
2601	07285403
2602	00406963
2603	02318464
2604	00283568
2605	00548802
2606	00633265
2607	07993109
2608	06013741
2609	02137907
2610	06773434
2611	14023997
2612	01898129
2613	07417043
2614	05317354
2615	01011725
2616	01071411
2617	10752093
2618	00272878
2619	00040325
2620	02858231
2621	15109745
2622	00040962
2623	01015866
2624	00362355
2625	01042531
2626	01641751
2627	03110322
2628	09952163
2629	03575240
2630	05541872
2631	02444662
2632	05511286
2633	01635056
2634	02321009
2635	01703326
2636	07357388
2637	14007546
2638	00916464
2639	02578235
2640	04734885
2641	08381436
2642	02744651
2643	00686890
2644	05785885
2645	01612053
2646	09609871
2647	02257141
2648	02108791
2649	04105893
2650	06743362
2651	00210797
2652	02238085
2653	02127613
2654	13570574
2655	05190804
2656	08103457
2657	01211339
2658	01200440
2659	02472293
2660	01708676
2661	00931040
2662	00788821
2663	05929008
2664	06470073
2665	00811355
2666	01190948
2667	00827730
2668	01850315
2669	05479314
2670	05901508
2671	05274590
2672	00849523
2673	02374149
2674	01372049
2675	01635432
2676	00028565
2677	09862345
2678	00961329
2679	00358931
2680	05500594
2681	01899262
2682	05147940
2683	01827858
2684	07965085
2685	00779360
2686	00923793
2687	01147060
2688	00789906
2689	02514825
2690	10461424
2691	03748162
2692	00433778
2693	02378623
2694	05591256
2695	01156112
2696	00661824
2697	02574205
2698	04519536
2699	01794668
2700	05075602
2701	04868748
2702	00772189
2703	01861778
2704	05267345
2705	07536870
2706	10018861
2707	00046522
2708	01731031
2709	05543917
2710	00947077
2711	05784242
2712	00684480
2713	04792357
2714	01662771
2715	05289297
2716	01711071
2717	05385161
2718	02343595
2719	00226882
2720	01551871
2721	05785508
2722	00806314
2723	07272172
2724	01066542
2725	05333777
2726	14437552
2727	08208016
2728	04806804
2729	00101609
2730	05615500
2731	00504592
2732	02634265
2733	00712708
2734	02635659
2735	00962447
2736	07248507
2737	06199702
2738	02290956
2739	13932421
2740	13308864
2741	05541645
2742	05549061
2743	01198101
2744	00981276
2745	05794403
2746	06372095
2747	01627965
2748	01549420
2749	01028748
2750	13870805
2751	00198631
2752	06691442
2753	00165942
2754	02215506
2755	07535670
2756	14559983
2757	05849789
2758	04630689
2759	04728786
2760	00431552
2761	01429349
2762	02035337
2763	00095121
2764	06000644
2765	01634424
2766	00021939
2767	05763916
2768	09848489
2769	14445379
2770	01206153
2771	05829342
2772	00522751
2773	13575869
2774	02697725
2775	10102800
2776	10509605
2777	05388805
2778	00712135
2779	00835294
2780	02657219
2781	00932624
2782	00230276
2783	05808218
2784	05540121
2785	07414922
2786	01034925
2787	00539546
2788	00202236
2789	01977155
2790	01549291
2791	00261029
2792	11412727
2793	00483181
2794	00774107
2795	01506157
2796	05314075
2797	07423365
2798	00881649
2799	05319936
2800	09622302
2801	00140123
2802	05166805
2803	15267536
2804	06193727
2805	00798245
2806	10082146
2807	00383390
2808	00765213
2809	05305136
2810	05594037
2811	13367070
2812	05548840
2813	07251984
2814	00089351
2815	05776212
2816	05538625
2817	04007664
2818	09631463
2819	02661252
2820	01822936
2821	08572467
2822	00955148
2823	05289057
2824	10720453
2825	00772967
2826	00927049
2827	04184095
2828	00607114
2829	05602835
2830	02117333
2831	01976089
2832	03154073
2833	06528783
2834	13331778
2835	08055150
2836	04731497
2837	06060845
2838	00662589
2839	02511551
2840	00489837
2841	00655779
2842	00430370
2843	07524242
2844	05331812
2845	00011757
2846	01148283
2847	00348746
2848	10407954
2849	01002956
2850	00003356
2851	01041762
2852	00836236
2853	10399491
2854	05298729
2855	02603540
2856	10280674
2857	06756407
2858	02603926
2859	01130607
2860	01789514
2861	05566919
2862	03017922
2863	01754737
2864	13537894
2865	01133876
2866	10474446
2867	01881696
2868	00586262
2869	01762528
2870	00532892
2871	06773976
2872	05813229
2873	00242808
2874	01743217
2875	05772215
2876	01661243
2877	07553741
2878	07180570
2879	00763399
2880	00956131
2881	06732013
2882	00652466
2883	00209943
2884	00623151
2885	01298931
2886	02584915
2887	03540595
2888	01790020
2889	13809207
2890	01989873
2891	01932973
2892	05786372
2893	08434259
2894	01222360
2895	01629000
2896	02620724
2897	04519153
2898	00451461
2899	10677271
2900	00042457
2901	08462320
2902	02541509
2903	01226240
2904	00892467
2905	01131473
2906	01519977
2907	05371663
2908	05264756
2909	00094001
2910	01261490
2911	02853449
2912	10212780
2913	00243373
2914	01205827
2915	01259458
2916	04828255
2917	07248653
2918	04076846
2919	03600977
2920	05908520
2921	00630380
2922	06532330
2923	00635012
2924	05504107
2925	05301392
2926	10068804
2927	00887463
2928	01761706
2929	01948573
2930	04623113
2931	05436080
2932	10483530
2933	05651399
2934	04800359
2935	10578762
2936	01017987
2937	05297523
2938	00965035
2939	01741446
2940	02387034
2941	01333082
2942	03129123
2943	01463963
2944	05766247
2945	02302817
2946	00728975
2947	06744000
2948	13247554
2949	10126177
2950	10401639
2951	05277532
2952	01195867
2953	10409752
2954	00061290
2955	01261712
2956	02257767
2957	08164585
2958	00113726
2959	01195536
2960	00676450
2961	00706975
2962	01013434
2963	01024190
2964	04623612
2965	02524171
2966	02466134
2967	05404074
2968	14686913
2969	01151407
2970	09880427
2971	04626280
2972	05469032
2973	00037396
2974	09429387
2975	06333653
2976	06764244
2977	01734300
2978	13526110
2979	00611055
2980	08482271
2981	07286905
2982	10706812
2983	05337055
2984	07218470
2985	00034213
2986	01777210
2987	00040804
2988	07093895
2989	10000787
2990	01667132
2991	02729023
2992	02110220
2993	05261404
2994	01624568
2995	01062817
2996	01628449
2997	00921072
2998	04627000
2999	01545883
3000	10677713
3001	13457378
3002	04849241
3003	05986948
3004	10080869
3005	01241073
3006	10770059
3007	09868270
3008	07492655
3009	00020827
3010	01555742
3011	01570403
3012	07491981
3013	02612762
3014	00637259
3015	04849759
3016	00381601
3017	05466005
3018	05279688
3019	10495555
3020	00334996
3021	05604535
3022	02072849
3023	05923983
3024	02678438
3025	10486349
3026	07963711
3027	06762380
3028	01167146
3029	13940456
3030	02945971
3031	01478423
3032	01206218
3033	02425913
3034	00682230
3035	13470491
3036	05542539
3037	01624169
3038	02724417
3039	05475681
3040	01645601
3041	01057759
3042	00937656
3043	07538965
3044	00431826
3045	03536348
3046	11414411
3047	08008335
3048	01667304
3049	00056930
3050	00185104
3051	02537960
3052	10209246
3053	03996416
3054	14445749
3055	06128570
3056	02655135
3057	10332385
3058	01369758
3059	01030820
3060	10351874
3061	13860793
3062	05765415
3063	00647094
3064	01072780
3065	04060647
3066	00008055
3067	05797177
3068	06000400
3069	01828736
3070	10269458
3071	01020934
3072	05303402
3073	01256600
3074	00989084
3075	00235435
3076	02500884
3077	07339329
3078	00428000
3079	10308275
3080	00351485
3081	01310660
3082	04906273
3083	01130169
3084	00732960
3085	01131197
3086	05300231
3087	05432736
3088	00043765
3089	05462315
3090	02400378
3091	13989051
3092	01101913
3093	08419562
3094	04081844
3095	01830946
3096	05256085
3097	01082454
3098	05329735
3099	00908492
3100	09304750
3101	01531375
3102	04946553
3103	02451113
3104	07208708
3105	01740892
3106	00002452
3107	05240850
3108	05200169
3109	08459252
3110	04713118
3111	00029378
3112	10102506
3113	02567519
3114	00164345
3115	01285440
3116	04202417
3117	02851001
3118	06741099
3119	10355449
3120	02646072
3121	01010118
3122	06075527
3123	05670972
3124	13985818
3125	09831962
3126	00610010
3127	02625016
3128	00988028
3129	00596644
3130	00838098
3131	02608347
3132	05945642
3133	01117541
3134	05468849
3135	10776339
3136	00077419
3137	10421470
3138	05599617
3139	01507134
3140	00971650
3141	01121690
3142	00893435
3143	06364329
3144	13814041
3145	05373790
3146	05290756
3147	02123812
3148	02735897
3149	10126424
3150	14481080
3151	07373602
3152	09900981
3153	08550076
3154	05704096
3155	01123148
3156	01384439
3157	05305806
3158	06613056
3159	07505047
3160	02034986
3161	02259829
3162	00552841
3163	10633450
3164	02447542
3165	05864177
3166	00683280
3167	13503908
3168	04659287
3169	05324553
3170	00955060
3171	07250034
3172	14841267
3173	07212190
3174	00611433
3175	00636061
3176	10363913
3177	08101085
3178	00257535
3179	10722575
3180	05536370
3181	02154508
3182	10480018
3183	13911151
3184	09222051
3185	01366718
3186	00908621
3187	00151087
3188	00421437
3189	00131426
3190	00364479
3191	05142641
3192	02796412
3193	13299651
3194	01194483
3195	00849357
3196	00699815
3197	02464693
3198	05199286
3199	01368192
3200	14411981
3201	01418667
3202	00069879
3203	07487695
3204	00296178
3205	02176268
3206	02310482
3207	10509389
3208	06182144
3209	00010435
3210	02622234
3211	05455912
3212	10671898
3213	00730247
3214	14563564
3215	05442131
3216	00672433
3217	13941337
3218	01094725
3219	10075529
3220	13518963
3221	02563327
3222	00920125
3223	04208210
3224	05389939
3225	00173338
3226	02704349
3227	05340599
3228	06879180
3229	04683453
3230	00159620
3231	01751545
3232	00703875
3233	02428487
3234	07532440
3235	05217688
3236	13954253
3237	00226618
3238	01870889
3239	04637923
3240	14331873
3241	00900581
3242	00583239
3243	00243124
3244	01230710
3245	01637166
3246	00003553
3247	05171045
3248	04250026
3249	00629738
3250	10583250
3251	05299927
3252	05542893
3253	00719231
3254	06208751
3255	01702514
3256	08478482
3257	07373277
3258	11415084
3259	00948206
3260	05558717
3261	02563860
3262	04668819
3263	13265011
3264	01159655
3265	00545557
3266	00874806
3267	00880662
3268	06063588
3269	02050132
3270	00608808
3271	04660536
3272	04007894
3273	05296775
3274	01106808
3275	00907657
3276	05573895
3277	00925207
3278	05501711
3279	02510337
3280	01062997
3281	01744611
3282	05107765
3283	05838176
3284	01090335
3285	00597915
3286	00862683
3287	10490699
3288	05682950
3289	00001740
3290	05455690
3291	05434557
3292	05577190
3293	10279018
3294	05999797
3295	02161432
3296	00906367
3297	06547059
3298	05274808
3299	01462468
3300	01651444
3301	05736149
3302	05320899
3303	05750657
3304	05595083
3305	05828263
3306	04910135
3307	00802318
3308	05539138
3309	13742358
3310	13773361
3311	08406486
3312	05035961
3313	00813044
3314	05121418
3315	02434238
3316	06472025
3317	10205985
3318	00940412
3319	03511426
3320	02298160
3321	05577410
3322	05836275
3323	00894738
3324	02598143
3325	01116026
3326	02469914
3327	10791221
3328	00091311
3329	05370410
3330	05316175
3331	05168261
3332	02056466
3333	07348399
3334	03892891
3335	02204692
3336	14036203
3337	04016576
3338	13968547
3339	13572436
3340	00244625
3341	14323683
3342	05807306
3343	02561332
3344	09470550
3345	00479391
3346	02697950
3347	00868799
3348	02341266
3349	00632627
3350	05318606
3351	01369663
3352	05943066
3353	00315986
3354	02950154
3355	05693919
3356	10351281
3357	00593944
3358	02479154
3359	05373924
3360	01629958
3361	07211752
3362	00387657
3363	01105639
3364	07138085
3365	05282433
3366	05601198
3367	02427103
3368	01613239
3369	00908351
3370	08419163
3371	07452841
3372	05289861
3373	09505153
3374	05544725
3375	07291312
3376	08660339
3377	09803429
3378	01256417
3379	04618781
3380	04980008
3381	04850589
3382	05603160
3383	00657604
3384	02385634
3385	01634142
3386	00002325
3387	01549719
3388	00043195
3389	05650329
3390	00455348
3391	05773923
3392	02260770
3393	05229622
3394	04892084
3395	05338410
3396	01205961
3397	00071178
3398	10025730
3399	10689564
3400	01900150
3401	01016832
3402	02475922
3403	01127075
3404	02118933
3405	07042735
3406	05722427
3407	01782519
3408	04650527
3409	05703429
3410	09930257
3411	01158872
3412	05839024
3413	10522759
3414	08673395
3415	01644522
3416	04826999
3417	05823054
3418	05907682
3419	10235549
3420	08199025
3421	07938773
3422	00035189
3423	05760202
3424	00045907
3425	00805034
3426	03740161
3427	00917772
3428	09801864
3429	05280998
3430	13864153
3431	00396703
3432	05275466
3433	00582388
3434	01563005
3435	02479323
3436	00064643
3437	01781478
3438	00939277
3439	00836788
3440	05555917
3441	01233397
3442	01821996
3443	07006951
3444	00947439
3445	06732710
3446	10549510
3447	00115157
3448	00692329
3449	10438172
3450	00785690
3451	01147451
3452	01548718
3453	00740053
3454	01211667
3455	00849788
3456	00877127
3457	01049462
3458	09784443
3459	05540407
3460	05261566
3461	05249636
3462	01220984
3463	10660333
3464	03045074
3465	02614181
3466	02533313
3467	02364448
3468	00339464
3469	00829378
3470	02056880
3471	10510339
3472	10373801
3473	05273684
3474	00042541
3475	01364162
3476	11498203
3477	08621598
3478	00803325
3479	02103481
3480	06199142
3481	05474346
3482	08231184
3483	01255967
3484	01083077
3485	07480068
3486	05598147
3487	13956488
3488	05194043
3489	00484892
3490	00044673
3491	07209965
3492	05941210
3493	00210518
3494	06762711
3495	00611481
3496	11415842
3497	02518161
3498	02747709
3499	13504173
3500	02727883
3501	01311103
3502	02550296
3503	00681429
3504	02376958
3505	01213886
3506	01867295
3507	01834304
3508	01787955
3509	02536557
3510	01336635
3511	05535484
3512	00385791
3513	07342049
3514	00976487
3515	04320126
3516	01221790
3517	01558440
3518	01118449
3519	00362467
3520	06687178
3521	02726017
3522	02556126
3523	05999266
3524	02163746
3525	03533486
3526	09764900
3527	01990281
3528	03838160
3529	00873603
3530	00876874
3531	03335030
3532	01231252
3533	13962360
3534	05578251
3535	00338641
3536	00839619
3537	02554647
3538	07138915
3539	02373015
3540	06284225
3541	00956687
3542	06045562
3543	05567217
3544	05517578
3545	06748969
3546	01080366
3547	05138208
3548	05476754
3549	01631534
3550	00224901
3551	00902424
3552	02333225
3553	00933566
3554	02915055
3555	00604694
3556	02324478
3557	05138488
3558	05734559
3559	00001930
3560	02316304
3561	01544692
3562	07319909
3563	03735637
3564	02556817
3565	04999401
3566	07230502
3567	07180183
3568	00418903
3569	06389230
3570	01220636
3571	10752480
3572	02270342
3573	05502556
3574	02513740
3575	00644583
3576	07126734
3577	01198750
3578	01076615
3579	05576573
3580	00147595
3581	00033615
3582	00100543
3583	09609232
3584	02749778
3585	07296428
3586	10466198
3587	14547369
3588	01999218
3589	13760316
3590	04628192
3591	00641252
3592	01588493
3593	05682570
3594	05553049
3595	02421158
3596	00171590
3597	04110439
3598	10518194
3599	01282014
3600	00607405
3601	00817311
3602	00048374
3603	00967625
3604	00227507
3605	02728763
3606	03323703
3607	00909363
3608	09465459
3609	04261116
3610	06123363
3611	03211789
3612	01198307
3613	02766328
3614	01979241
3615	05112609
3616	07515560
3617	02650840
3618	01440378
3619	07494363
3620	09304465
3621	00784533
3622	05827684
3623	02610628
3624	00394610
3625	01019372
3626	06727616
3627	00050195
3628	02895606
3629	05280831
3630	00886281
3631	05555688
3632	14379501
3633	00941990
3634	02064745
3635	05810948
3636	01775535
3637	00668099
3638	05380697
3639	09629065
3640	06757057
3641	00149262
3642	02333689
3643	07190290
3644	02343056
3645	10240082
3646	06782680
3647	01459422
3648	00990812
3649	01008378
3650	05051896
3651	02453889
3652	00075135
3653	02550868
3654	00402130
3655	01309991
3656	05383467
3657	01321002
3658	03673971
3659	02842445
3660	07151380
3661	02584981
3662	00602255
3663	02310007
3664	09887034
3665	00019792
3666	10256537
3667	05279953
3668	10728624
3669	01023259
3670	01705257
3671	01089483
3672	05459953
3673	05761380
3674	00697589
3675	02448185
3676	05563266
3677	00633443
3678	00065070
3679	02787772
3680	02616713
3681	05601357
3682	00974444
3683	00923995
3684	01032840
3685	02888133
3686	00059127
3687	07314277
3688	02619924
3689	01085793
3690	07180372
3691	07199565
3692	00822367
3693	10143725
3694	00950431
3695	00544549
3696	00938247
3697	01994442
3698	07537068
3699	04916342
3700	05967977
3701	05329533
3702	13553916
3703	05677952
3704	05600637
3705	01284908
3706	00059019
3707	07175241
3708	00904690
3709	04074482
3710	07051975
3711	05572940
3712	05578442
3713	02389592
3714	05675130
3715	15180528
3716	06633692
3717	10584318
3718	14864360
3719	10431625
3720	05772356
3721	05849284
3722	01284271
3723	01722447
3724	09792555
3725	01237167
3726	07554856
3727	01950798
3728	05345581
3729	00918872
3730	13486671
3731	00932088
3732	00419644
3733	02426395
3734	01904845
3735	00031921
3736	00588888
3737	13367593
3738	06763273
3739	00831191
3740	09821831
3741	09769636
3742	13253751
3743	01019129
3744	04179385
3745	01113068
3746	01659248
3747	01752495
3748	02012344
3749	01339505
3750	10577284
3751	02135389
3752	00721098
3753	00598215
3754	07217924
3755	06767035
3756	00916909
3757	00964343
3758	02284803
3759	01432353
3760	01798100
3761	07480896
3762	14842091
3763	10724699
3764	05341920
3765	00390215
3766	01210737
3767	05793000
3768	05577741
3769	01818235
3770	00121046
3771	07232421
3772	02106506
3773	10292316
3774	01667449
3775	06768901
3776	00609683
3777	02609203
3778	08400965
3779	09798534
3780	05650579
3781	05276860
3782	00024264
3783	00610373
3784	01001689
3785	10372373
3786	06362953
3787	09681351
3788	00184117
3789	01256743
3790	00198451
3791	05459232
3792	05248181
3793	00980453
3794	05111835
3795	01725712
3796	07536074
3797	05421414
3798	07565259
3799	04783247
3800	01021420
3801	05786184
3802	05284333
3803	02656763
3804	00078760
3805	05225090
3806	05285623
3807	00912960
3808	04485226
3809	00250259
3810	08549070
3811	01165692
3812	02301502
3813	02389346
3814	01381357
3815	02712243
3816	00834198
3817	09816771
3818	00739082
3819	01095218
3820	13931145
3821	02332999
3822	06742426
3823	05784831
3824	02080577
3825	03120029
3826	00116619
3827	10590339
3828	10665698
3829	00739340
3830	05705184
3831	03664514
3832	05733583
3833	04729328
3834	01476483
3835	00523513
3836	05552607
3837	05804491
3838	05313535
3839	10309896
3840	06628861
3841	01680756
3842	02372605
3843	01981036
3844	02679415
3845	02348568
3846	01375637
3847	06798750
3848	01627947
3849	15003969
3850	02489748
3851	04850117
3852	09385911
3853	03894379
3854	01640550
3855	06346461
3856	00871942
3857	09633969
3858	04713428
3859	01458302
3860	01684337
