0	(1447, 1678)
1	(19, 1729)
2	(1034, 1320)
3	(1105, 1447)
4	(1767, 2150)
5	(220, 1908)
6	(1101, 1127)
7	(1769, 1859)
8	(1851, 2972)
9	(1021, 2392)
10	(6, 2366)
11	(1851, 2688)
12	(1140, 2963)
13	(1032, 1550)
14	(390, 1941)
15	(1586, 2265)
16	(690, 3081)
17	(1085, 2098)
18	(863, 2396)
19	(1858, 2182)
20	(737, 1858)
21	(1772, 1858)
22	(1858, 2222)
23	(45, 2335)
24	(1064, 2302)
25	(814, 2531)
26	(0, 520)
27	(431, 1227)
28	(804, 2558)
29	(126, 567)
30	(1291, 2148)
31	(2265, 3096)
32	(2045, 2153)
33	(1708, 2352)
34	(616, 2713)
35	(1490, 1858)
36	(1858, 2433)
37	(599, 1858)
38	(327, 2265)
39	(2352, 2365)
40	(973, 2013)
41	(2265, 2661)
42	(1192, 2956)
43	(315, 1881)
44	(551, 1365)
45	(25, 2901)
46	(863, 2679)
47	(471, 2211)
48	(1447, 2488)
49	(276, 2752)
50	(697, 2764)
51	(872, 1745)
52	(1436, 1851)
53	(400, 1550)
54	(2086, 2217)
55	(276, 2391)
56	(121, 863)
57	(2265, 2807)
58	(2026, 2449)
59	(2265, 2860)
60	(45, 1075)
61	(451, 1068)
62	(1140, 2633)
63	(1028, 1941)
64	(1101, 1194)
65	(1880, 3007)
66	(2259, 2376)
67	(1022, 2376)
68	(2376, 2422)
69	(2376, 2476)
70	(1140, 1187)
71	(1851, 2580)
72	(468, 2748)
73	(1533, 2791)
74	(295, 1113)
75	(44, 1037)
76	(1224, 1798)
77	(1599, 2711)
78	(1998, 2861)
79	(379, 1964)
80	(253, 1300)
81	(32, 792)
82	(333, 792)
83	(792, 1299)
84	(19, 792)
85	(1448, 1851)
86	(379, 873)
87	(1851, 2905)
88	(1762, 1846)
89	(1167, 2321)
90	(1016, 1140)
91	(940, 1154)
92	(1941, 2058)
93	(393, 1503)
94	(431, 1634)
95	(636, 1176)
96	(2490, 2605)
97	(454, 2256)
98	(468, 3101)
99	(468, 1293)
100	(1612, 2154)
101	(1605, 2141)
102	(1085, 2341)
103	(631, 837)
104	(837, 2070)
105	(559, 837)
106	(837, 2941)
107	(177, 484)
108	(490, 1534)
109	(978, 2878)
110	(505, 1851)
111	(1818, 2171)
112	(2039, 2062)
113	(179, 2040)
114	(1633, 1851)
115	(1140, 2462)
116	(1373, 1605)
117	(848, 1085)
118	(2472, 2965)
119	(593, 2472)
120	(2472, 3029)
121	(730, 2472)
122	(2709, 2866)
123	(1851, 2455)
124	(2402, 3034)
125	(158, 879)
126	(2091, 2352)
127	(330, 1950)
128	(32, 2907)
129	(2845, 3091)
130	(630, 2259)
131	(43, 630)
132	(558, 630)
133	(630, 3074)
134	(2902, 2950)
135	(2352, 2861)
136	(1730, 2760)
137	(1851, 1865)
138	(276, 1928)
139	(1016, 2657)
140	(1610, 2866)
141	(827, 2791)
142	(266, 2246)
143	(836, 1427)
144	(45, 1565)
145	(2352, 2853)
146	(63, 2407)
147	(194, 276)
148	(45, 467)
149	(488, 969)
150	(488, 608)
151	(438, 488)
152	(488, 2161)
153	(299, 1929)
154	(827, 863)
155	(923, 2670)
156	(1635, 2965)
157	(1346, 1635)
158	(880, 1635)
159	(1282, 1635)
160	(219, 1851)
161	(690, 1128)
162	(954, 1851)
163	(2352, 2614)
164	(32, 2546)
165	(1032, 1146)
166	(1543, 1854)
167	(45, 301)
168	(807, 2973)
169	(2265, 2707)
170	(254, 2267)
171	(1564, 2010)
172	(1548, 2257)
173	(449, 1564)
174	(349, 2902)
175	(1800, 1941)
176	(355, 657)
177	(2265, 2881)
178	(1186, 1941)
179	(276, 1250)
180	(1499, 1521)
181	(1909, 2711)
182	(317, 1851)
183	(1747, 2965)
184	(276, 2909)
185	(1771, 2429)
186	(697, 776)
187	(1851, 3035)
188	(295, 727)
189	(1738, 2140)
190	(1712, 2878)
191	(915, 1447)
192	(1223, 2096)
193	(1694, 1880)
194	(396, 1016)
195	(2826, 3093)
196	(1758, 2261)
197	(529, 1499)
198	(2352, 2962)
199	(1016, 2844)
200	(941, 2352)
201	(654, 1499)
202	(699, 1852)
203	(661, 2760)
204	(1692, 1813)
205	(1851, 3094)
206	(387, 1154)
207	(468, 2749)
208	(330, 1806)
209	(2265, 2308)
210	(40, 2087)
211	(811, 1204)
212	(983, 1666)
213	(3, 2691)
214	(306, 2006)
215	(524, 1783)
216	(130, 524)
217	(524, 837)
218	(524, 1844)
219	(1289, 1460)
220	(2527, 2959)
221	(5, 1584)
222	(1682, 2352)
223	(1819, 3026)
224	(2624, 2878)
225	(2265, 2688)
226	(1127, 2045)
227	(1127, 1398)
228	(1127, 1755)
229	(125, 1127)
230	(2476, 2817)
231	(1153, 2824)
232	(674, 1712)
233	(1542, 1961)
234	(1016, 2650)
235	(2265, 2793)
236	(449, 2726)
237	(574, 2970)
238	(892, 1880)
239	(1370, 1851)
240	(514, 2710)
241	(1142, 1564)
242	(469, 2853)
243	(1239, 1851)
244	(2028, 2518)
245	(896, 2688)
246	(45, 134)
247	(540, 1721)
248	(2265, 3035)
249	(504, 873)
250	(113, 229)
251	(1016, 2388)
252	(135, 1720)
253	(863, 2840)
254	(602, 2381)
255	(1923, 2220)
256	(2039, 2265)
257	(1355, 2144)
258	(295, 1261)
259	(295, 1178)
260	(295, 2931)
261	(295, 992)
262	(315, 3052)
263	(615, 1042)
264	(1654, 2545)
265	(225, 2352)
266	(305, 1167)
267	(305, 2634)
268	(305, 1416)
269	(192, 305)
270	(1678, 1962)
271	(892, 2564)
272	(567, 1717)
273	(484, 1195)
274	(2290, 2893)
275	(1416, 1851)
276	(550, 648)
277	(2791, 2840)
278	(1016, 1679)
279	(844, 2892)
280	(1585, 2713)
281	(1851, 3097)
282	(0, 885)
283	(969, 2851)
284	(2401, 2988)
285	(55, 1626)
286	(295, 643)
287	(1661, 1956)
288	(597, 2352)
289	(107, 2518)
290	(1942, 2714)
291	(675, 2265)
292	(276, 753)
293	(2352, 2465)
294	(2305, 2352)
295	(250, 1016)
296	(484, 1157)
297	(323, 626)
298	(688, 2560)
299	(126, 3022)
300	(2081, 2888)
301	(1099, 2081)
302	(1063, 2081)
303	(298, 2081)
304	(1270, 3081)
305	(945, 2703)
306	(1904, 2265)
307	(266, 1014)
308	(616, 1793)
309	(616, 1962)
310	(2265, 2406)
311	(2851, 2866)
312	(202, 3053)
313	(244, 1325)
314	(45, 2573)
315	(1694, 2760)
316	(2265, 3028)
317	(784, 965)
318	(1191, 2352)
319	(348, 1851)
320	(2368, 2436)
321	(1289, 2149)
322	(215, 1835)
323	(980, 2902)
324	(371, 1851)
325	(2265, 2992)
326	(1085, 3088)
327	(1403, 1851)
328	(1489, 2657)
329	(2352, 2957)
330	(731, 1140)
331	(1648, 2138)
332	(378, 1564)
333	(825, 1188)
334	(1157, 1320)
335	(1738, 2590)
336	(1851, 2005)
337	(276, 1848)
338	(1851, 2367)
339	(567, 1791)
340	(530, 616)
341	(517, 1289)
342	(51, 468)
343	(1864, 2265)
344	(269, 2620)
345	(490, 2879)
346	(1327, 2473)
347	(596, 1289)
348	(1266, 1929)
349	(126, 2674)
350	(2229, 2821)
351	(2807, 2944)
352	(1289, 1393)
353	(2352, 2627)
354	(714, 1032)
355	(880, 1564)
356	(1851, 2932)
357	(468, 2954)
358	(1877, 1929)
359	(1675, 3093)
360	(2040, 2356)
361	(339, 2352)
362	(629, 2518)
363	(276, 1375)
364	(1286, 1851)
365	(1221, 2265)
366	(1293, 2965)
367	(1293, 1975)
368	(336, 1293)
369	(1293, 1688)
370	(32, 1841)
371	(1841, 2304)
372	(145, 1841)
373	(1286, 1841)
374	(1096, 2265)
375	(277, 549)
376	(1284, 2069)
377	(365, 2951)
378	(973, 1027)
379	(1687, 2965)
380	(1687, 2327)
381	(1687, 2816)
382	(1687, 2023)
383	(120, 2760)
384	(603, 1618)
385	(1182, 2352)
386	(1919, 2572)
387	(2265, 2369)
388	(440, 2352)
389	(1128, 1270)
390	(778, 2119)
391	(117, 2590)
392	(454, 2526)
393	(454, 895)
394	(454, 1630)
395	(703, 2342)
396	(831, 1929)
397	(2085, 2352)
398	(1371, 2965)
399	(0, 1371)
400	(1371, 2596)
401	(1371, 2179)
402	(1090, 2982)
403	(310, 1214)
404	(986, 2298)
405	(276, 1638)
406	(2352, 2837)
407	(32, 1492)
408	(1289, 2431)
409	(431, 490)
410	(468, 472)
411	(1465, 2866)
412	(2696, 2707)
413	(468, 1737)
414	(54, 773)
415	(2553, 2965)
416	(289, 2119)
417	(567, 3075)
418	(43, 973)
419	(1550, 1590)
420	(19, 1794)
421	(531, 2119)
422	(1376, 1886)
423	(1338, 2867)
424	(791, 2259)
425	(495, 791)
426	(791, 1690)
427	(791, 1398)
428	(1716, 1851)
429	(567, 1070)
430	(340, 1234)
431	(1929, 2066)
432	(693, 2160)
433	(1289, 2224)
434	(1644, 2040)
435	(1050, 2707)
436	(183, 986)
437	(359, 789)
438	(86, 2265)
439	(1717, 3039)
440	(1202, 1851)
441	(241, 2298)
442	(1595, 2352)
443	(1534, 2937)
444	(967, 2941)
445	(71, 1605)
446	(874, 1318)
447	(550, 2845)
448	(2449, 2789)
449	(1115, 2352)
450	(2014, 2551)
451	(2913, 2963)
452	(23, 2606)
453	(2653, 2959)
454	(0, 735)
455	(2262, 2672)
456	(458, 2389)
457	(1613, 2352)
458	(707, 1327)
459	(130, 2010)
460	(2344, 2671)
461	(1637, 2902)
462	(616, 2247)
463	(305, 567)
464	(799, 2265)
465	(514, 1004)
466	(2566, 2807)
467	(394, 1988)
468	(1806, 2405)
469	(632, 1851)
470	(82, 2434)
471	(1710, 2629)
472	(1725, 2760)
473	(99, 1100)
474	(54, 2387)
475	(261, 2265)
476	(241, 1929)
477	(2061, 2965)
478	(2061, 2917)
479	(1032, 2061)
480	(2061, 3013)
481	(1851, 2621)
482	(2265, 2531)
483	(2010, 2456)
484	(468, 2018)
485	(425, 2217)
486	(1113, 2853)
487	(2352, 2401)
488	(1415, 2575)
489	(1851, 2628)
490	(0, 2454)
491	(276, 1116)
492	(432, 1296)
493	(468, 497)
494	(459, 2265)
495	(1923, 2674)
496	(431, 2550)
497	(2295, 2853)
498	(2451, 2982)
499	(1851, 2250)
500	(958, 2265)
501	(1032, 2617)
502	(1486, 1717)
503	(2229, 2265)
504	(254, 2963)
505	(2368, 2583)
506	(973, 1574)
507	(1174, 2401)
508	(586, 1851)
509	(54, 197)
510	(1419, 2508)
511	(1279, 2265)
512	(191, 468)
513	(1489, 1594)
514	(117, 295)
515	(264, 724)
516	(225, 2298)
517	(150, 1225)
518	(662, 941)
519	(2531, 2848)
520	(2579, 2791)
521	(988, 1614)
522	(841, 2620)
523	(1016, 2945)
524	(892, 1527)
525	(284, 383)
526	(616, 2115)
527	(760, 2620)
528	(1845, 2352)
529	(1792, 1929)
530	(375, 1645)
531	(360, 1740)
532	(347, 1740)
533	(1740, 3081)
534	(1740, 1952)
535	(1683, 1957)
536	(1108, 1534)
537	(598, 2965)
538	(598, 2074)
539	(78, 598)
540	(229, 598)
541	(23, 864)
542	(340, 2966)
543	(2064, 2412)
544	(45, 1790)
545	(942, 2896)
546	(904, 2925)
547	(1289, 2698)
548	(1851, 2308)
549	(66, 2902)
550	(2202, 2352)
551	(126, 3085)
552	(1811, 3002)
553	(1427, 1489)
554	(45, 2134)
555	(2265, 3094)
556	(2592, 2982)
557	(567, 840)
558	(1679, 2664)
559	(1096, 1851)
560	(2823, 2965)
561	(568, 2823)
562	(944, 2823)
563	(869, 2823)
564	(843, 1289)
565	(1253, 2390)
566	(1210, 2936)
567	(393, 2554)
568	(1032, 1386)
569	(203, 574)
570	(574, 2177)
571	(262, 574)
572	(574, 1978)
573	(450, 1253)
574	(126, 444)
575	(126, 1312)
576	(533, 1220)
577	(315, 688)
578	(1451, 2807)
579	(616, 1159)
580	(369, 2760)
581	(158, 2484)
582	(1069, 2401)
583	(21, 2902)
584	(1851, 2265)
585	(1289, 1932)
586	(1564, 2278)
587	(1025, 1289)
588	(515, 837)
589	(515, 2538)
590	(416, 515)
591	(515, 1615)
592	(1594, 2685)
593	(930, 2826)
594	(1549, 2518)
595	(229, 643)
596	(276, 1502)
597	(232, 1851)
598	(528, 1008)
599	(913, 2484)
600	(1307, 1851)
601	(2143, 2608)
602	(1043, 1140)
603	(1221, 1851)
604	(547, 1266)
605	(863, 1971)
606	(405, 2807)
607	(163, 468)
608	(1498, 2064)
609	(2352, 3038)
610	(213, 863)
611	(1066, 2956)
612	(82, 2917)
613	(665, 2982)
614	(2283, 2817)
615	(917, 1851)
616	(2271, 2965)
617	(1908, 2271)
618	(993, 2271)
619	(1203, 2271)
620	(1285, 2265)
621	(1999, 2401)
622	(2174, 2608)
623	(1541, 2419)
624	(2206, 2774)
625	(567, 2964)
626	(1988, 2419)
627	(2910, 2965)
628	(1064, 2910)
629	(2662, 2910)
630	(738, 2910)
631	(959, 2760)
632	(1564, 2307)
633	(200, 1679)
634	(698, 2620)
635	(863, 1704)
636	(183, 2085)
637	(401, 2884)
638	(857, 2707)
639	(276, 1941)
640	(1738, 2596)
641	(204, 331)
642	(1140, 2075)
643	(749, 2265)
644	(2430, 2982)
645	(863, 946)
646	(1224, 1425)
647	(419, 3090)
648	(315, 1753)
649	(930, 2265)
650	(460, 1690)
651	(2352, 2656)
652	(60, 2484)
653	(468, 858)
654	(1851, 2856)
655	(937, 1929)
656	(468, 2584)
657	(1447, 1467)
658	(1466, 1694)
659	(1952, 2644)
660	(1069, 1597)
661	(511, 1310)
662	(1502, 2340)
663	(1051, 2982)
664	(881, 1851)
665	(149, 242)
666	(466, 2487)
667	(212, 1974)
668	(1550, 2903)
669	(1985, 2902)
670	(2056, 2763)
671	(77, 1851)
672	(774, 2279)
673	(0, 248)
674	(511, 2040)
675	(2413, 2663)
676	(1406, 1513)
677	(2289, 2523)
678	(2352, 2509)
679	(820, 1923)
680	(635, 2040)
681	(1406, 3052)
682	(19, 1649)
683	(1289, 2353)
684	(2054, 2352)
685	(276, 1992)
686	(189, 803)
687	(751, 2306)
688	(751, 1122)
689	(751, 896)
690	(751, 1373)
691	(1840, 2845)
692	(327, 1851)
693	(293, 1851)
694	(45, 1328)
695	(439, 550)
696	(276, 1979)
697	(688, 863)
698	(938, 1014)
699	(2779, 2807)
700	(1012, 2265)
701	(431, 2937)
702	(2539, 2982)
703	(2010, 2366)
704	(2010, 2945)
705	(32, 616)
706	(2069, 2358)
707	(23, 1638)
708	(605, 2982)
709	(643, 1880)
710	(380, 484)
711	(1374, 2265)
712	(1329, 2970)
713	(872, 2804)
714	(2069, 3100)
715	(616, 2820)
716	(2206, 2825)
717	(1423, 2352)
718	(193, 657)
719	(1258, 1839)
720	(486, 1258)
721	(861, 1258)
722	(1258, 2104)
723	(1577, 1614)
724	(1739, 1851)
725	(468, 2021)
726	(1432, 2788)
727	(2982, 3036)
728	(547, 1867)
729	(626, 2989)
730	(871, 1584)
731	(1128, 2265)
732	(505, 2265)
733	(276, 2463)
734	(2265, 2597)
735	(468, 598)
736	(1071, 2010)
737	(1415, 1913)
738	(32, 357)
739	(1326, 1415)
740	(157, 1923)
741	(1547, 2255)
742	(23, 241)
743	(273, 523)
744	(1321, 3061)
745	(214, 1851)
746	(863, 1660)
747	(1427, 1594)
748	(1427, 1862)
749	(1427, 2591)
750	(486, 1427)
751	(1467, 1600)
752	(45, 428)
753	(2537, 2545)
754	(1600, 1678)
755	(932, 2332)
756	(549, 1852)
757	(1851, 1853)
758	(2853, 2928)
759	(765, 3078)
760	(272, 1016)
761	(2713, 3003)
762	(1454, 2883)
763	(582, 2103)
764	(1851, 2755)
765	(362, 549)
766	(718, 1851)
767	(1596, 2352)
768	(856, 1434)
769	(23, 3011)
770	(468, 2758)
771	(211, 431)
772	(1245, 1851)
773	(2069, 2866)
774	(1159, 2265)
775	(1535, 2369)
776	(498, 1919)
777	(892, 1928)
778	(32, 1712)
779	(1507, 2265)
780	(1755, 1851)
781	(1540, 2982)
782	(276, 1765)
783	(245, 1429)
784	(1162, 1709)
785	(68, 907)
786	(285, 567)
787	(1773, 1851)
788	(1016, 2955)
789	(32, 1018)
790	(1018, 2958)
791	(517, 1018)
792	(424, 1018)
793	(1342, 1820)
794	(2354, 2982)
795	(1564, 2173)
796	(393, 2129)
797	(926, 1941)
798	(330, 2913)
799	(863, 2292)
800	(2234, 2791)
801	(892, 2813)
802	(892, 2853)
803	(1959, 2010)
804	(1235, 2807)
805	(295, 1694)
806	(969, 1668)
807	(296, 1327)
808	(276, 1519)
809	(2366, 2665)
810	(297, 393)
811	(1553, 2817)
812	(126, 231)
813	(214, 2265)
814	(204, 1941)
815	(1437, 1832)
816	(2187, 2352)
817	(1974, 2265)
818	(567, 1948)
819	(39, 276)
820	(171, 1787)
821	(2010, 2807)
822	(1748, 1808)
823	(1615, 2557)
824	(798, 2557)
825	(1974, 2557)
826	(2484, 2557)
827	(207, 2877)
828	(951, 3046)
829	(1471, 2352)
830	(636, 1251)
831	(105, 1851)
832	(171, 567)
833	(1705, 2315)
834	(2265, 3034)
835	(1087, 1225)
836	(2265, 2767)
837	(1628, 3030)
838	(2259, 2610)
839	(1838, 2610)
840	(749, 2610)
841	(1926, 2610)
842	(296, 2685)
843	(1763, 1919)
844	(92, 1502)
845	(1454, 2771)
846	(461, 2352)
847	(1851, 2369)
848	(192, 2853)
849	(1254, 1564)
850	(276, 1264)
851	(468, 524)
852	(1280, 1383)
853	(1016, 2441)
854	(1289, 2214)
855	(1679, 2108)
856	(1851, 1897)
857	(2010, 2088)
858	(2960, 2982)
859	(1954, 2196)
860	(2265, 2717)
861	(1985, 2707)
862	(1190, 1524)
863	(134, 2965)
864	(134, 1971)
865	(134, 2547)
866	(134, 926)
867	(893, 2648)
868	(425, 2648)
869	(1231, 2648)
870	(679, 2648)
871	(1020, 1103)
872	(927, 1934)
873	(1679, 2010)
874	(1144, 1289)
875	(33, 2212)
876	(431, 2326)
877	(1941, 2961)
878	(45, 480)
879	(2265, 2448)
880	(346, 1819)
881	(609, 1648)
882	(32, 288)
883	(288, 2872)
884	(288, 1795)
885	(288, 318)
886	(1750, 1941)
887	(391, 2518)
888	(287, 2323)
889	(1564, 1668)
890	(10, 45)
891	(161, 1394)
892	(606, 1738)
893	(62, 2265)
894	(1318, 2588)
895	(766, 1255)
896	(1867, 2470)
897	(484, 1010)
898	(32, 628)
899	(45, 52)
900	(1622, 1941)
901	(1579, 1717)
902	(1817, 2956)
903	(137, 2108)
904	(746, 2215)
905	(1222, 1258)
906	(649, 1258)
907	(1258, 1568)
908	(1804, 2103)
909	(2124, 3092)
910	(1679, 2646)
911	(253, 1517)
912	(625, 1179)
913	(162, 2501)
914	(957, 2888)
915	(750, 957)
916	(957, 2289)
917	(957, 2196)
918	(1475, 3032)
919	(468, 2912)
920	(866, 2791)
921	(1757, 2760)
922	(1710, 2265)
923	(973, 1349)
924	(32, 1504)
925	(236, 1504)
926	(1504, 1647)
927	(98, 1504)
928	(433, 468)
929	(337, 2982)
930	(549, 2188)
931	(1197, 1699)
932	(393, 2544)
933	(315, 1647)
934	(1289, 3047)
935	(31, 276)
936	(1849, 2637)
937	(321, 806)
938	(865, 2088)
939	(2180, 2959)
940	(2011, 3032)
941	(1081, 2902)
942	(494, 876)
943	(32, 1956)
944	(276, 2791)
945	(763, 2342)
946	(575, 2119)
947	(477, 1140)
948	(567, 1506)
949	(462, 1463)
950	(973, 2482)
951	(567, 1427)
952	(101, 2265)
953	(445, 2352)
954	(2045, 2459)
955	(2357, 2459)
956	(2459, 2868)
957	(2434, 2459)
958	(616, 1334)
959	(277, 1398)
960	(973, 1397)
961	(2095, 3089)
962	(549, 2318)
963	(722, 2938)
964	(810, 1680)
965	(591, 626)
966	(1194, 3024)
967	(1194, 2976)
968	(1194, 1438)
969	(261, 1194)
970	(323, 1779)
971	(1528, 2853)
972	(468, 548)
973	(425, 2662)
974	(2624, 3008)
975	(1507, 1851)
976	(567, 3086)
977	(239, 1941)
978	(2112, 3034)
979	(295, 3007)
980	(1289, 2130)
981	(2116, 2352)
982	(126, 2714)
983	(1564, 1871)
984	(636, 1258)
985	(853, 973)
986	(1078, 2578)
987	(45, 198)
988	(276, 2828)
989	(118, 468)
990	(484, 1092)
991	(621, 2845)
992	(745, 2259)
993	(745, 2274)
994	(745, 3036)
995	(745, 2344)
996	(1429, 1674)
997	(1320, 2638)
998	(700, 1016)
999	(1140, 2866)
1000	(1869, 2965)
1001	(1869, 3095)
1002	(1869, 1986)
1003	(1869, 2943)
1004	(468, 611)
1005	(1289, 2675)
1006	(100, 2901)
1007	(682, 863)
1008	(1832, 2849)
1009	(549, 722)
1010	(724, 754)
1011	(300, 2965)
1012	(300, 2696)
1013	(300, 1829)
1014	(300, 1453)
1015	(241, 2988)
1016	(276, 1301)
1017	(1661, 2366)
1018	(315, 2840)
1019	(2152, 2352)
1020	(279, 1097)
1021	(1289, 2352)
1022	(2977, 2982)
1023	(1653, 2265)
1024	(908, 1913)
1025	(1771, 2606)
1026	(662, 1589)
1027	(721, 1929)
1028	(1377, 2982)
1029	(739, 1941)
1030	(152, 332)
1031	(1712, 1928)
1032	(863, 2579)
1033	(928, 1851)
1034	(920, 1032)
1035	(2265, 2628)
1036	(468, 2727)
1037	(1668, 2141)
1038	(2954, 2965)
1039	(2480, 2954)
1040	(1096, 2954)
1041	(2700, 2954)
1042	(1608, 2888)
1043	(521, 1601)
1044	(470, 1023)
1045	(1123, 2265)
1046	(2427, 2965)
1047	(800, 2427)
1048	(1112, 2427)
1049	(2427, 2493)
1050	(501, 1499)
1051	(1420, 1788)
1052	(468, 1768)
1053	(662, 2010)
1054	(1818, 2982)
1055	(2152, 2251)
1056	(1675, 2645)
1057	(2279, 2740)
1058	(46, 2593)
1059	(2265, 3012)
1060	(567, 1450)
1061	(567, 1535)
1062	(567, 1239)
1063	(567, 652)
1064	(1851, 2767)
1065	(1149, 2986)
1066	(706, 973)
1067	(657, 771)
1068	(1427, 2213)
1069	(1427, 2831)
1070	(1427, 3102)
1071	(1427, 1531)
1072	(413, 1851)
1073	(115, 2760)
1074	(92, 2791)
1075	(1509, 1854)
1076	(32, 2743)
1077	(1416, 2265)
1078	(514, 2968)
1079	(801, 1952)
1080	(372, 1645)
1081	(1159, 1993)
1082	(1960, 2265)
1083	(2879, 2937)
1084	(1289, 1761)
1085	(1852, 2265)
1086	(229, 1717)
1087	(312, 1296)
1088	(276, 1298)
1089	(130, 359)
1090	(643, 892)
1091	(387, 2408)
1092	(567, 662)
1093	(304, 416)
1094	(30, 2352)
1095	(2760, 2898)
1096	(2425, 2433)
1097	(221, 276)
1098	(1550, 2664)
1099	(758, 1266)
1100	(988, 1819)
1101	(616, 1327)
1102	(1016, 1894)
1103	(1483, 2685)
1104	(276, 1825)
1105	(136, 1923)
1106	(1016, 1621)
1107	(1774, 2352)
1108	(1411, 1724)
1109	(1499, 2817)
1110	(956, 1952)
1111	(1851, 2881)
1112	(616, 1843)
1113	(1266, 2540)
1114	(11, 1851)
1115	(1720, 3056)
1116	(1581, 2713)
1117	(1280, 2928)
1118	(1394, 2845)
1119	(126, 948)
1120	(32, 2119)
1121	(2119, 3050)
1122	(797, 2119)
1123	(1568, 2119)
1124	(268, 2729)
1125	(2230, 2484)
1126	(1974, 2591)
1127	(881, 2265)
1128	(1329, 2162)
1129	(1005, 2760)
1130	(1878, 2321)
1131	(169, 1974)
1132	(510, 1327)
1133	(1851, 2766)
1134	(1450, 2695)
1135	(1910, 2713)
1136	(108, 276)
1137	(2165, 2265)
1138	(425, 746)
1139	(484, 2638)
1140	(2480, 2683)
1141	(1851, 1963)
1142	(1554, 2344)
1143	(1135, 1554)
1144	(1554, 1601)
1145	(1554, 2484)
1146	(1076, 1489)
1147	(1782, 1839)
1148	(1182, 1782)
1149	(431, 1782)
1150	(1782, 3060)
1151	(1085, 2960)
1152	(468, 1354)
1153	(2352, 3080)
1154	(2900, 2986)
1155	(468, 2082)
1156	(1491, 2680)
1157	(1564, 2712)
1158	(617, 2501)
1159	(1872, 2901)
1160	(2352, 2991)
1161	(2450, 2620)
1162	(181, 2387)
1163	(1772, 2387)
1164	(226, 2387)
1165	(1958, 3034)
1166	(863, 1412)
1167	(1511, 2878)
1168	(1245, 2265)
1169	(863, 1879)
1170	(1327, 2265)
1171	(468, 1440)
1172	(616, 2971)
1173	(1035, 2352)
1174	(604, 1679)
1175	(2121, 2265)
1176	(1617, 1851)
1177	(205, 1811)
1178	(1136, 1811)
1179	(1811, 2090)
1180	(1169, 2223)
1181	(1850, 2965)
1182	(1499, 2175)
1183	(45, 3070)
1184	(2225, 2871)
1185	(1614, 2963)
1186	(117, 578)
1187	(1712, 1717)
1188	(1806, 2508)
1189	(203, 657)
1190	(960, 2265)
1191	(1016, 1751)
1192	(129, 360)
1193	(241, 1289)
1194	(1550, 2265)
1195	(829, 2344)
1196	(829, 1341)
1197	(583, 829)
1198	(829, 1883)
1199	(950, 1266)
1200	(1641, 2435)
1201	(646, 1482)
1202	(1851, 2694)
1203	(483, 1249)
1204	(787, 810)
1205	(2310, 2506)
1206	(54, 2518)
1207	(32, 1785)
1208	(1607, 1785)
1209	(1785, 2790)
1210	(97, 1785)
1211	(2072, 2366)
1212	(1929, 2816)
1213	(2246, 2995)
1214	(720, 1065)
1215	(226, 278)
1216	(1545, 1851)
1217	(26, 1851)
1218	(1531, 1851)
1219	(1892, 2332)
1220	(2674, 2772)
1221	(1093, 2901)
1222	(1738, 2692)
1223	(136, 2611)
1224	(366, 2390)
1225	(2152, 2390)
1226	(1943, 2390)
1227	(1203, 2390)
1228	(1556, 1851)
1229	(2518, 2800)
1230	(468, 1457)
1231	(638, 1594)
1232	(638, 646)
1233	(16, 638)
1234	(638, 1999)
1235	(1159, 1479)
1236	(1741, 2232)
1237	(801, 1959)
1238	(126, 2938)
1239	(1842, 1929)
1240	(2484, 2870)
1241	(358, 484)
1242	(1999, 2487)
1243	(973, 1874)
1244	(248, 332)
1245	(332, 2833)
1246	(332, 620)
1247	(332, 2705)
1248	(182, 1085)
1249	(2265, 2362)
1250	(808, 2217)
1251	(1555, 1851)
1252	(325, 1854)
1253	(1342, 2265)
1254	(1566, 2689)
1255	(293, 1566)
1256	(370, 1566)
1257	(887, 1566)
1258	(45, 524)
1259	(117, 2760)
1260	(2265, 2766)
1261	(276, 2592)
1262	(1782, 2964)
1263	(306, 457)
1264	(45, 185)
1265	(57, 1851)
1266	(295, 1757)
1267	(280, 1907)
1268	(331, 1753)
1269	(277, 2904)
1270	(431, 1517)
1271	(2819, 2982)
1272	(1832, 2352)
1273	(198, 2965)
1274	(198, 422)
1275	(198, 2068)
1276	(198, 1462)
1277	(1138, 2760)
1278	(1405, 1564)
1279	(45, 1737)
1280	(1262, 2366)
1281	(2010, 2744)
1282	(2850, 2965)
1283	(2531, 2646)
1284	(608, 1140)
1285	(863, 2619)
1286	(393, 1054)
1287	(2374, 2518)
1288	(2339, 2965)
1289	(519, 2265)
1290	(1128, 1655)
1291	(318, 2357)
1292	(276, 2451)
1293	(615, 2505)
1294	(1625, 2265)
1295	(344, 1851)
1296	(1710, 2986)
1297	(2014, 2235)
1298	(670, 2464)
1299	(45, 2769)
1300	(232, 2265)
1301	(1793, 2788)
1302	(1242, 1485)
1303	(2649, 2791)
1304	(382, 1415)
1305	(740, 2265)
1306	(305, 2984)
1307	(263, 2352)
1308	(2401, 2677)
1309	(863, 952)
1310	(618, 1961)
1311	(781, 1016)
1312	(1006, 2790)
1313	(1470, 2965)
1314	(1189, 1470)
1315	(1470, 1669)
1316	(1470, 3101)
1317	(468, 1359)
1318	(1723, 2788)
1319	(1249, 2029)
1320	(468, 2834)
1321	(58, 468)
1322	(875, 2518)
1323	(1878, 2182)
1324	(1578, 1878)
1325	(1844, 1878)
1326	(799, 1878)
1327	(149, 934)
1328	(1607, 2352)
1329	(2531, 2920)
1330	(1141, 2366)
1331	(1707, 2756)
1332	(1375, 1707)
1333	(36, 1707)
1334	(1062, 1707)
1335	(1722, 2518)
1336	(561, 1851)
1337	(626, 1032)
1338	(1342, 1674)
1339	(973, 2199)
1340	(463, 2352)
1341	(792, 1769)
1342	(1814, 1851)
1343	(423, 2265)
1344	(903, 2812)
1345	(1851, 3005)
1346	(1280, 2760)
1347	(45, 2818)
1348	(958, 1851)
1349	(266, 431)
1350	(367, 2965)
1351	(45, 1112)
1352	(323, 3023)
1353	(468, 2974)
1354	(1117, 2791)
1355	(468, 1635)
1356	(1619, 2713)
1357	(872, 1550)
1358	(2239, 2873)
1359	(1277, 2265)
1360	(92, 1126)
1361	(468, 1470)
1362	(686, 2350)
1363	(297, 746)
1364	(2715, 2845)
1365	(468, 2910)
1366	(341, 2577)
1367	(687, 2879)
1368	(117, 809)
1369	(2711, 2871)
1370	(1080, 1594)
1371	(1080, 2222)
1372	(203, 1080)
1373	(1080, 3014)
1374	(1477, 2259)
1375	(749, 1477)
1376	(58, 1477)
1377	(334, 1477)
1378	(1391, 2141)
1379	(1266, 2579)
1380	(203, 1230)
1381	(1230, 1251)
1382	(155, 1230)
1383	(1230, 2836)
1384	(2601, 2902)
1385	(458, 2928)
1386	(1645, 1818)
1387	(1242, 2645)
1388	(93, 179)
1389	(1851, 2529)
1390	(2299, 2352)
1391	(1996, 2965)
1392	(568, 1996)
1393	(1246, 1996)
1394	(750, 1996)
1395	(1520, 2376)
1396	(161, 1767)
1397	(1706, 2098)
1398	(589, 3075)
1399	(865, 2807)
1400	(71, 766)
1401	(413, 2265)
1402	(546, 2901)
1403	(522, 1172)
1404	(468, 1522)
1405	(652, 2723)
1406	(1623, 2807)
1407	(1821, 2663)
1408	(19, 2562)
1409	(394, 1541)
1410	(266, 2086)
1411	(2265, 2693)
1412	(315, 1385)
1413	(892, 1712)
1414	(339, 1289)
1415	(393, 493)
1416	(1444, 3090)
1417	(74, 2982)
1418	(921, 2965)
1419	(1901, 2982)
1420	(775, 1851)
1421	(2397, 2896)
1422	(1688, 2084)
1423	(616, 2384)
1424	(2250, 2265)
1425	(276, 556)
1426	(276, 2746)
1427	(1851, 2121)
1428	(1278, 2390)
1429	(45, 1580)
1430	(135, 2659)
1431	(117, 2218)
1432	(1201, 2965)
1433	(94, 1201)
1434	(1201, 1552)
1435	(1201, 2330)
1436	(1929, 3036)
1437	(257, 3048)
1438	(187, 276)
1439	(229, 1587)
1440	(1543, 3077)
1441	(581, 2255)
1442	(722, 2352)
1443	(801, 1394)
1444	(1129, 2835)
1445	(45, 800)
1446	(45, 1359)
1447	(117, 2853)
1448	(750, 1242)
1449	(1851, 2597)
1450	(1004, 2930)
1451	(1408, 1851)
1452	(251, 810)
1453	(549, 2807)
1454	(616, 3100)
1455	(2573, 2965)
1456	(2845, 3084)
1457	(2265, 2529)
1458	(984, 2791)
1459	(15, 183)
1460	(2214, 2982)
1461	(2466, 2620)
1462	(1304, 1948)
1463	(15, 1839)
1464	(15, 2612)
1465	(15, 2294)
1466	(15, 2179)
1467	(1040, 2608)
1468	(1564, 2911)
1469	(464, 816)
1470	(72, 2265)
1471	(1851, 2998)
1472	(82, 283)
1473	(414, 1439)
1474	(32, 2306)
1475	(1457, 2306)
1476	(718, 2306)
1477	(453, 2306)
1478	(943, 1491)
1479	(2873, 2964)
1480	(2275, 2666)
1481	(953, 2352)
1482	(1282, 2103)
1483	(45, 858)
1484	(484, 724)
1485	(1851, 1969)
1486	(366, 2420)
1487	(987, 2420)
1488	(1744, 2420)
1489	(1008, 2420)
1490	(22, 2484)
1491	(775, 2265)
1492	(567, 1246)
1493	(900, 1923)
1494	(1851, 2478)
1495	(84, 1738)
1496	(121, 1800)
1497	(1168, 1450)
1498	(1851, 2362)
1499	(549, 1991)
1500	(616, 2661)
1501	(533, 646)
1502	(2352, 3065)
1503	(0, 2641)
1504	(2933, 2939)
1505	(45, 2082)
1506	(1666, 2487)
1507	(1406, 1461)
1508	(873, 1078)
1509	(485, 2265)
1510	(1769, 2306)
1511	(1738, 2801)
1512	(1374, 1851)
1513	(318, 1046)
1514	(1501, 2484)
1515	(2003, 2902)
1516	(0, 2656)
1517	(293, 2265)
1518	(175, 1854)
1519	(315, 946)
1520	(26, 2265)
1521	(491, 2982)
1522	(1851, 2198)
1523	(1101, 2153)
1524	(45, 1522)
1525	(156, 1600)
1526	(753, 2352)
1527	(217, 1127)
1528	(486, 1801)
1529	(204, 2791)
1530	(633, 1404)
1531	(162, 2056)
1532	(1158, 2518)
1533	(32, 289)
1534	(289, 3048)
1535	(289, 1428)
1536	(232, 289)
1537	(1995, 2163)
1538	(885, 1995)
1539	(1995, 2810)
1540	(1606, 1995)
1541	(276, 1431)
1542	(1000, 2352)
1543	(331, 2721)
1544	(1858, 2843)
1545	(1909, 3090)
1546	(1563, 2259)
1547	(1324, 1563)
1548	(1379, 1563)
1549	(1563, 1812)
1550	(1550, 2651)
1551	(379, 1975)
1552	(468, 1624)
1553	(1104, 1738)
1554	(724, 2866)
1555	(48, 697)
1556	(1566, 2242)
1557	(387, 686)
1558	(276, 1506)
1559	(914, 1712)
1560	(1851, 2978)
1561	(305, 657)
1562	(2166, 2352)
1563	(32, 1655)
1564	(395, 659)
1565	(567, 2153)
1566	(1125, 1911)
1567	(166, 987)
1568	(1064, 2028)
1569	(149, 795)
1570	(1248, 2365)
1571	(951, 1372)
1572	(276, 1970)
1573	(3, 244)
1574	(1274, 1923)
1575	(468, 668)
1576	(45, 2943)
1577	(1085, 2477)
1578	(1394, 2150)
1579	(1348, 2593)
1580	(1929, 2418)
1581	(130, 1695)
1582	(1851, 2890)
1583	(1816, 2014)
1584	(712, 2817)
1585	(392, 1079)
1586	(1586, 1851)
1587	(1870, 1982)
1588	(1579, 2964)
1589	(2635, 2807)
1590	(567, 1893)
1591	(276, 1393)
1592	(567, 872)
1593	(2280, 2599)
1594	(110, 276)
1595	(83, 276)
1596	(1394, 2343)
1597	(1126, 1771)
1598	(1289, 1350)
1599	(99, 2733)
1600	(1851, 2842)
1601	(1854, 2620)
1602	(2333, 2380)
1603	(431, 1794)
1604	(431, 2548)
1605	(340, 1885)
1606	(777, 1258)
1607	(777, 2708)
1608	(508, 777)
1609	(777, 1982)
1610	(1323, 1334)
1611	(199, 1974)
1612	(868, 1550)
1613	(943, 2760)
1614	(563, 567)
1615	(233, 2707)
1616	(785, 1712)
1617	(1609, 1974)
1618	(45, 2850)
1619	(254, 1577)
1620	(1226, 2707)
1621	(1851, 3031)
1622	(1071, 1658)
1623	(1591, 2265)
1624	(1587, 2352)
1625	(1851, 2394)
1626	(1450, 3098)
1627	(768, 3098)
1628	(398, 3098)
1629	(193, 3098)
1630	(781, 1032)
1631	(330, 1888)
1632	(315, 1971)
1633	(130, 347)
1634	(468, 2823)
1635	(203, 2099)
1636	(2099, 2931)
1637	(608, 2099)
1638	(1859, 2099)
1639	(1780, 1851)
1640	(1016, 1634)
1641	(1243, 1292)
1642	(116, 973)
1643	(1638, 2982)
1644	(276, 1676)
1645	(1502, 1753)
1646	(592, 2852)
1647	(1941, 2036)
1648	(468, 2017)
1649	(1851, 3034)
1650	(198, 468)
1651	(32, 281)
1652	(2352, 2355)
1653	(1898, 2141)
1654	(276, 2497)
1655	(1169, 1342)
1656	(1852, 2395)
1657	(2314, 2352)
1658	(1236, 2699)
1659	(99, 2010)
1660	(1851, 3074)
1661	(229, 295)
1662	(1143, 2405)
1663	(2153, 2352)
1664	(163, 2965)
1665	(163, 1064)
1666	(163, 2669)
1667	(163, 838)
1668	(322, 1266)
1669	(1163, 2265)
1670	(154, 1851)
1671	(271, 1851)
1672	(1308, 2229)
1673	(1954, 2238)
1674	(117, 1738)
1675	(1393, 2982)
1676	(1923, 2056)
1677	(1011, 1645)
1678	(616, 2265)
1679	(863, 985)
1680	(1140, 2542)
1681	(567, 761)
1682	(567, 1483)
1683	(973, 1487)
1684	(1762, 2615)
1685	(1610, 1762)
1686	(92, 1762)
1687	(468, 909)
1688	(999, 2982)
1689	(1140, 2889)
1690	(551, 2851)
1691	(701, 2973)
1692	(911, 1758)
1693	(1466, 1738)
1694	(1941, 2704)
1695	(2302, 2518)
1696	(1734, 2667)
1697	(417, 2667)
1698	(2667, 2820)
1699	(1317, 2667)
1700	(1929, 2698)
1701	(1830, 3039)
1702	(662, 1867)
1703	(1449, 2894)
1704	(172, 592)
1705	(592, 1365)
1706	(548, 592)
1707	(592, 2690)
1708	(1231, 1550)
1709	(393, 473)
1710	(1738, 3004)
1711	(1167, 3102)
1712	(104, 1854)
1713	(355, 1175)
1714	(485, 1851)
1715	(2352, 2945)
1716	(1250, 1929)
1717	(45, 433)
1718	(1751, 2586)
1719	(393, 703)
1720	(390, 863)
1721	(126, 2673)
1722	(1088, 1870)
1723	(2205, 2236)
1724	(2119, 2542)
1725	(2119, 2716)
1726	(2119, 2772)
1727	(1014, 3056)
1728	(1466, 2089)
1729	(1351, 1851)
1730	(1888, 2265)
1731	(32, 1742)
1732	(1742, 2423)
1733	(776, 1742)
1734	(669, 1742)
1735	(1666, 2627)
1736	(227, 1179)
1737	(1661, 1679)
1738	(1743, 2409)
1739	(1851, 2885)
1740	(1140, 1317)
1741	(1426, 2452)
1742	(64, 2518)
1743	(976, 1454)
1744	(45, 1924)
1745	(1536, 2265)
1746	(1289, 3011)
1747	(2265, 2978)
1748	(45, 2834)
1749	(2265, 2905)
1750	(468, 1147)
1751	(887, 1642)
1752	(941, 2656)
1753	(743, 2344)
1754	(468, 2338)
1755	(315, 2446)
1756	(32, 422)
1757	(422, 2292)
1758	(343, 422)
1759	(309, 422)
1760	(1458, 2265)
1761	(431, 2205)
1762	(1647, 1941)
1763	(484, 1303)
1764	(1332, 2870)
1765	(744, 1332)
1766	(1332, 2193)
1767	(1332, 1345)
1768	(918, 2179)
1769	(1495, 1737)
1770	(1737, 2249)
1771	(179, 1737)
1772	(1737, 2372)
1773	(1669, 2717)
1774	(892, 1929)
1775	(276, 1333)
1776	(886, 2636)
1777	(2636, 2769)
1778	(919, 2636)
1779	(1942, 2636)
1780	(1016, 1550)
1781	(616, 2088)
1782	(2352, 2665)
1783	(1531, 2265)
1784	(636, 2045)
1785	(1775, 1851)
1786	(2352, 2976)
1787	(851, 2657)
1788	(549, 1360)
1789	(637, 2604)
1790	(9, 1645)
1791	(95, 1574)
1792	(32, 1796)
1793	(602, 2880)
1794	(687, 1952)
1795	(947, 2760)
1796	(740, 1851)
1797	(306, 2652)
1798	(1648, 1710)
1799	(468, 3070)
1800	(1499, 2219)
1801	(514, 2589)
1802	(117, 147)
1803	(567, 2765)
1804	(2074, 2902)
1805	(2259, 2751)
1806	(2513, 2751)
1807	(1582, 2751)
1808	(1855, 2751)
1809	(567, 2772)
1810	(1661, 2656)
1811	(179, 2419)
1812	(468, 936)
1813	(905, 1289)
1814	(1974, 2275)
1815	(1296, 2024)
1816	(2624, 2665)
1817	(1738, 2083)
1818	(431, 434)
1819	(1362, 2279)
1820	(1000, 2487)
1821	(1165, 2045)
1822	(490, 1165)
1823	(176, 1165)
1824	(247, 1165)
1825	(308, 2790)
1826	(2265, 2384)
1827	(276, 2514)
1828	(11, 2265)
1829	(1661, 2109)
1830	(1178, 1641)
1831	(135, 1593)
1832	(664, 860)
1833	(1407, 2902)
1834	(567, 1166)
1835	(291, 1941)
1836	(823, 1818)
1837	(1550, 2845)
1838	(1790, 2965)
1839	(1790, 2950)
1840	(411, 1790)
1841	(1790, 2963)
1842	(512, 657)
1843	(676, 3083)
1844	(662, 1266)
1845	(388, 657)
1846	(552, 2309)
1847	(204, 2034)
1848	(19, 595)
1849	(2404, 2449)
1850	(45, 1667)
1851	(1851, 2872)
1852	(2298, 2401)
1853	(1851, 2494)
1854	(741, 1615)
1855	(741, 2992)
1856	(741, 1248)
1857	(741, 984)
1858	(238, 1851)
1859	(674, 1289)
1860	(1726, 2959)
1861	(836, 1152)
1862	(863, 1117)
1863	(45, 1346)
1864	(842, 2424)
1865	(1147, 2965)
1866	(965, 1147)
1867	(298, 1147)
1868	(20, 1147)
1869	(616, 2930)
1870	(1952, 2265)
1871	(1437, 1959)
1872	(468, 1409)
1873	(265, 1197)
1874	(1337, 2736)
1875	(235, 2518)
1876	(117, 1311)
1877	(389, 468)
1878	(1086, 2265)
1879	(126, 1579)
1880	(32, 1575)
1881	(295, 2324)
1882	(1426, 2265)
1883	(1974, 2345)
1884	(1799, 2077)
1885	(108, 1753)
1886	(895, 2285)
1887	(45, 300)
1888	(863, 2762)
1889	(147, 295)
1890	(1168, 2545)
1891	(1997, 2853)
1892	(1661, 2902)
1893	(852, 1289)
1894	(1128, 1851)
1895	(900, 2152)
1896	(137, 1429)
1897	(276, 2429)
1898	(126, 941)
1899	(1564, 2129)
1900	(85, 1482)
1901	(1482, 2199)
1902	(1482, 2931)
1903	(1482, 3042)
1904	(1851, 2351)
1905	(2287, 2739)
1906	(1218, 2545)
1907	(2265, 2545)
1908	(1783, 2545)
1909	(1191, 2545)
1910	(1476, 1721)
1911	(1032, 2183)
1912	(468, 2271)
1913	(497, 2965)
1914	(497, 2091)
1915	(497, 2498)
1916	(497, 881)
1917	(872, 2579)
1918	(202, 1797)
1919	(711, 1502)
1920	(863, 1028)
1921	(959, 2624)
1922	(2, 1470)
1923	(868, 1470)
1924	(944, 1470)
1925	(1470, 1615)
1926	(1055, 2352)
1927	(237, 1564)
1928	(1232, 3089)
1929	(903, 2484)
1930	(1454, 2989)
1931	(127, 2491)
1932	(1782, 2239)
1933	(1640, 2502)
1934	(975, 1640)
1935	(1541, 1640)
1936	(1640, 2611)
1937	(1133, 1442)
1938	(2093, 2731)
1939	(137, 2548)
1940	(1680, 2126)
1941	(452, 2791)
1942	(1013, 2711)
1943	(873, 1330)
1944	(32, 1474)
1945	(1474, 2893)
1946	(1474, 2017)
1947	(968, 1474)
1948	(1746, 2902)
1949	(1394, 2495)
1950	(862, 2187)
1951	(32, 996)
1952	(996, 1176)
1953	(700, 996)
1954	(996, 2435)
1955	(1851, 2510)
1956	(1451, 2531)
1957	(482, 1406)
1958	(241, 1836)
1959	(482, 567)
1960	(2543, 2713)
1961	(468, 3057)
1962	(1155, 1706)
1963	(2661, 2759)
1964	(2265, 2856)
1965	(238, 2265)
1966	(202, 2333)
1967	(197, 2256)
1968	(662, 1791)
1969	(1350, 2365)
1970	(1631, 2707)
1971	(204, 299)
1972	(1004, 1776)
1973	(728, 1851)
1974	(567, 754)
1975	(2705, 2965)
1976	(876, 2705)
1977	(2576, 2705)
1978	(2705, 2809)
1979	(2144, 2225)
1980	(2086, 2716)
1981	(2377, 2449)
1982	(559, 2377)
1983	(2253, 2377)
1984	(2045, 2377)
1985	(1594, 1883)
1986	(1703, 1883)
1987	(1883, 2381)
1988	(1570, 1883)
1989	(619, 2176)
1990	(108, 2982)
1991	(295, 2070)
1992	(2473, 2713)
1993	(394, 1255)
1994	(1167, 1936)
1995	(2437, 2506)
1996	(1818, 2592)
1997	(1256, 2691)
1998	(960, 1851)
1999	(863, 2058)
2000	(549, 1913)
2001	(1287, 1941)
2002	(1679, 2144)
2003	(129, 2057)
2004	(1237, 1721)
2005	(458, 2813)
2006	(548, 2965)
2007	(548, 2856)
2008	(548, 2530)
2009	(36, 548)
2010	(2265, 2647)
2011	(2352, 2578)
2012	(1241, 1941)
2013	(2265, 2621)
2014	(665, 2010)
2015	(1914, 2663)
2016	(1419, 2405)
2017	(873, 2039)
2018	(276, 905)
2019	(0, 234)
2020	(1149, 2845)
2021	(218, 255)
2022	(2265, 2741)
2023	(610, 643)
2024	(2352, 2366)
2025	(0, 1568)
2026	(450, 3002)
2027	(1657, 2982)
2028	(1076, 1304)
2029	(1615, 2812)
2030	(856, 2866)
2031	(679, 2817)
2032	(2010, 2778)
2033	(384, 2446)
2034	(508, 2647)
2035	(850, 1645)
2036	(2352, 2878)
2037	(616, 1851)
2038	(1313, 3089)
2039	(2366, 2479)
2040	(1141, 2928)
2041	(943, 1738)
2042	(1922, 2965)
2043	(1980, 2159)
2044	(32, 2001)
2045	(561, 2265)
2046	(362, 1826)
2047	(1717, 3062)
2048	(82, 684)
2049	(747, 1450)
2050	(58, 2965)
2051	(58, 194)
2052	(58, 3100)
2053	(58, 312)
2054	(1851, 2795)
2055	(180, 1429)
2056	(2265, 3074)
2057	(32, 61)
2058	(484, 1537)
2059	(1851, 2642)
2060	(506, 2270)
2061	(362, 1414)
2062	(2401, 2878)
2063	(210, 2352)
2064	(1650, 2265)
2065	(1016, 2625)
2066	(295, 610)
2067	(1805, 1851)
2068	(542, 1870)
2069	(1486, 2236)
2070	(315, 1140)
2071	(2352, 2464)
2072	(1600, 1721)
2073	(241, 1471)
2074	(1312, 2133)
2075	(1067, 1289)
2076	(381, 863)
2077	(331, 2989)
2078	(1855, 2780)
2079	(1938, 2780)
2080	(653, 2780)
2081	(1553, 2780)
2082	(872, 2366)
2083	(394, 1534)
2084	(81, 458)
2085	(227, 2265)
2086	(510, 2713)
2087	(2676, 2982)
2088	(241, 376)
2089	(1170, 2352)
2090	(222, 2215)
2091	(2640, 2790)
2092	(466, 2352)
2093	(567, 2916)
2094	(1851, 2444)
2095	(1428, 2973)
2096	(51, 2965)
2097	(51, 1367)
2098	(51, 2641)
2099	(51, 1049)
2100	(686, 2540)
2101	(977, 1289)
2102	(130, 1437)
2103	(1801, 2699)
2104	(741, 2135)
2105	(741, 1059)
2106	(741, 2660)
2107	(368, 2352)
2108	(276, 673)
2109	(1288, 2736)
2110	(437, 2265)
2111	(2965, 3071)
2112	(737, 2352)
2113	(276, 2214)
2114	(802, 2352)
2115	(859, 2098)
2116	(32, 1016)
2117	(993, 1923)
2118	(469, 1738)
2119	(1738, 3014)
2120	(468, 998)
2121	(567, 2440)
2122	(71, 161)
2123	(1564, 1786)
2124	(431, 1543)
2125	(567, 1949)
2126	(439, 1199)
2127	(389, 2965)
2128	(389, 431)
2129	(389, 522)
2130	(389, 1175)
2131	(1743, 2786)
2132	(785, 2352)
2133	(1583, 2352)
2134	(2227, 2352)
2135	(315, 1048)
2136	(1454, 2225)
2137	(35, 1661)
2138	(276, 1779)
2139	(468, 2582)
2140	(1110, 1364)
2141	(431, 1465)
2142	(1225, 1344)
2143	(138, 1225)
2144	(1225, 2164)
2145	(117, 1225)
2146	(424, 2352)
2147	(362, 2515)
2148	(322, 872)
2149	(2399, 2791)
2150	(1141, 2760)
2151	(1454, 1818)
2152	(1517, 2843)
2153	(2185, 2843)
2154	(510, 2843)
2155	(2265, 2787)
2156	(2859, 2986)
2157	(795, 2041)
2158	(711, 1941)
2159	(888, 1032)
2160	(170, 1184)
2161	(493, 826)
2162	(549, 2690)
2163	(468, 1201)
2164	(276, 748)
2165	(553, 2959)
2166	(803, 1989)
2167	(1327, 3055)
2168	(1152, 2133)
2169	(1679, 2484)
2170	(1941, 2730)
2171	(129, 2657)
2172	(568, 951)
2173	(865, 2098)
2174	(1851, 1891)
2175	(276, 2675)
2176	(221, 2786)
2177	(1463, 2796)
2178	(1463, 1591)
2179	(705, 1463)
2180	(1140, 1463)
2181	(493, 2364)
2182	(1016, 1518)
2183	(1851, 2155)
2184	(2296, 2880)
2185	(126, 2849)
2186	(1931, 2352)
2187	(872, 1929)
2188	(521, 1085)
2189	(351, 2593)
2190	(82, 2327)
2191	(786, 788)
2192	(1167, 2188)
2193	(1399, 2188)
2194	(226, 2188)
2195	(104, 2188)
2196	(827, 2623)
2197	(32, 2806)
2198	(1189, 1717)
2199	(45, 80)
2200	(1566, 2836)
2201	(1929, 2643)
2202	(912, 2088)
2203	(1851, 2169)
2204	(117, 1997)
2205	(642, 1327)
2206	(1204, 2128)
2207	(1704, 1941)
2208	(779, 2982)
2209	(872, 1016)
2210	(636, 1101)
2211	(1564, 2489)
2212	(1385, 1941)
2213	(1753, 2319)
2214	(1929, 2783)
2215	(1913, 2226)
2216	(2161, 2608)
2217	(1452, 2372)
2218	(264, 2638)
2219	(1679, 2548)
2220	(1016, 3044)
2221	(2344, 3102)
2222	(468, 1371)
2223	(1149, 2265)
2224	(2298, 2352)
2225	(2487, 3065)
2226	(1851, 1904)
2227	(32, 253)
2228	(1175, 1473)
2229	(3, 1175)
2230	(1175, 2682)
2231	(1146, 1175)
2232	(1617, 2265)
2233	(1128, 2172)
2234	(626, 1772)
2235	(2118, 2265)
2236	(887, 1686)
2237	(1953, 2845)
2238	(1112, 2965)
2239	(1112, 1454)
2240	(1112, 2996)
2241	(1112, 2559)
2242	(276, 1126)
2243	(644, 2941)
2244	(2152, 2453)
2245	(851, 3015)
2246	(1941, 2396)
2247	(133, 1700)
2248	(1718, 2352)
2249	(229, 1928)
2250	(42, 2352)
2251	(616, 1072)
2252	(459, 1851)
2253	(94, 2518)
2254	(863, 1186)
2255	(186, 530)
2256	(1022, 1288)
2257	(45, 1201)
2258	(917, 2265)
2259	(616, 1631)
2260	(2760, 2895)
2261	(974, 1851)
2262	(468, 1240)
2263	(1836, 2401)
2264	(468, 2573)
2265	(343, 2265)
2266	(1517, 2820)
2267	(1780, 2265)
2268	(1516, 2956)
2269	(374, 1941)
2270	(468, 1850)
2271	(404, 2029)
2272	(112, 754)
2273	(71, 541)
2274	(2732, 2982)
2275	(447, 1961)
2276	(675, 1851)
2277	(2265, 2899)
2278	(892, 976)
2279	(1419, 2042)
2280	(1851, 2773)
2281	(254, 2265)
2282	(863, 2761)
2283	(225, 2982)
2284	(662, 1437)
2285	(2446, 2791)
2286	(16, 1952)
2287	(23, 187)
2288	(1472, 2982)
2289	(45, 3057)
2290	(662, 1566)
2291	(73, 2069)
2292	(420, 1645)
2293	(719, 2607)
2294	(1659, 2960)
2295	(95, 1874)
2296	(399, 851)
2297	(1016, 3040)
2298	(1223, 2492)
2299	(2335, 2965)
2300	(716, 2518)
2301	(1417, 2902)
2302	(193, 1167)
2303	(193, 2867)
2304	(193, 2232)
2305	(193, 629)
2306	(946, 1941)
2307	(908, 2422)
2308	(266, 2866)
2309	(1318, 1485)
2310	(559, 1941)
2311	(2218, 2624)
2312	(252, 863)
2313	(511, 966)
2314	(318, 2265)
2315	(1443, 1502)
2316	(1684, 2873)
2317	(71, 1564)
2318	(1429, 1828)
2319	(1592, 1941)
2320	(1941, 3073)
2321	(2499, 2902)
2322	(468, 3033)
2323	(309, 468)
2324	(1793, 1827)
2325	(117, 3015)
2326	(2298, 2982)
2327	(1851, 2483)
2328	(45, 1996)
2329	(406, 863)
2330	(295, 892)
2331	(1342, 3078)
2332	(468, 1328)
2333	(1219, 2425)
2334	(1340, 1615)
2335	(1105, 1340)
2336	(1030, 1340)
2337	(1340, 2205)
2338	(1843, 2265)
2339	(468, 1107)
2340	(254, 1711)
2341	(2760, 3008)
2342	(1991, 2010)
2343	(32, 229)
2344	(1429, 1526)
2345	(431, 1108)
2346	(44, 2337)
2347	(1851, 2118)
2348	(1114, 1454)
2349	(54, 1347)
2350	(36, 1347)
2351	(257, 1347)
2352	(907, 1347)
2353	(0, 312)
2354	(2853, 3015)
2355	(1967, 2119)
2356	(1135, 2902)
2357	(1140, 2724)
2358	(2487, 2878)
2359	(411, 863)
2360	(370, 626)
2361	(1760, 2707)
2362	(1631, 2672)
2363	(1318, 2135)
2364	(315, 1289)
2365	(57, 218)
2366	(38, 1042)
2367	(764, 1567)
2368	(725, 2200)
2369	(401, 2200)
2370	(2200, 2697)
2371	(806, 2200)
2372	(1286, 2265)
2373	(1289, 2020)
2374	(1103, 2506)
2375	(1851, 2263)
2376	(270, 2352)
2377	(1923, 2981)
2378	(276, 637)
2379	(315, 1361)
2380	(785, 1738)
2381	(1057, 2419)
2382	(1311, 1738)
2383	(203, 990)
2384	(990, 2802)
2385	(990, 1544)
2386	(990, 2927)
2387	(63, 1598)
2388	(181, 863)
2389	(1564, 2189)
2390	(2141, 2716)
2391	(973, 2784)
2392	(1021, 2624)
2393	(1962, 2927)
2394	(468, 2427)
2395	(567, 824)
2396	(1179, 1318)
2397	(2265, 2393)
2398	(724, 1419)
2399	(1150, 1429)
2400	(1104, 1280)
2401	(315, 2409)
2402	(2469, 2515)
2403	(1134, 2040)
2404	(1480, 2075)
2405	(1289, 1597)
2406	(1851, 2992)
2407	(315, 1744)
2408	(1249, 1769)
2409	(693, 2606)
2410	(2265, 2580)
2411	(1851, 2322)
2412	(701, 1740)
2413	(1118, 1740)
2414	(596, 1740)
2415	(59, 616)
2416	(1677, 2965)
2417	(990, 1677)
2418	(1677, 3016)
2419	(1677, 2456)
2420	(287, 2545)
2421	(1490, 2900)
2422	(352, 754)
2423	(616, 2444)
2424	(542, 2549)
2425	(906, 2965)
2426	(906, 2131)
2427	(562, 906)
2428	(168, 906)
2429	(2035, 2602)
2430	(1721, 2776)
2431	(45, 3033)
2432	(762, 1406)
2433	(276, 2603)
2434	(514, 2687)
2435	(1782, 2330)
2436	(1054, 2330)
2437	(1465, 2330)
2438	(2065, 2330)
2439	(2127, 2449)
2440	(624, 2127)
2441	(404, 2127)
2442	(2127, 2137)
2443	(695, 1289)
2444	(969, 2716)
2445	(330, 3050)
2446	(3008, 3038)
2447	(2886, 2952)
2448	(1306, 1710)
2449	(892, 1818)
2450	(1974, 3076)
2451	(241, 659)
2452	(276, 2266)
2453	(2449, 2496)
2454	(524, 2496)
2455	(1602, 2496)
2456	(688, 2496)
2457	(1289, 1860)
2458	(2145, 2352)
2459	(1038, 2956)
2460	(634, 1851)
2461	(2291, 2965)
2462	(1136, 2691)
2463	(331, 3052)
2464	(632, 2265)
2465	(2405, 2634)
2466	(1125, 1564)
2467	(1710, 2672)
2468	(962, 2884)
2469	(1325, 2884)
2470	(978, 2884)
2471	(567, 2528)
2472	(45, 2338)
2473	(1047, 3061)
2474	(1738, 2833)
2475	(382, 2474)
2476	(528, 776)
2477	(274, 1023)
2478	(2321, 2449)
2479	(54, 247)
2480	(247, 622)
2481	(247, 1138)
2482	(247, 2416)
2483	(2265, 3045)
2484	(276, 2408)
2485	(2963, 3046)
2486	(54, 2288)
2487	(647, 1068)
2488	(1016, 1360)
2489	(276, 421)
2490	(2265, 2681)
2491	(229, 902)
2492	(1290, 2206)
2493	(973, 2565)
2494	(1140, 2156)
2495	(1779, 2982)
2496	(1562, 2401)
2497	(1257, 2487)
2498	(254, 846)
2499	(481, 2490)
2500	(371, 2265)
2501	(931, 2982)
2502	(493, 1662)
2503	(32, 2228)
2504	(2228, 2271)
2505	(367, 2228)
2506	(1396, 2228)
2507	(1289, 2319)
2508	(225, 1289)
2509	(973, 2958)
2510	(2190, 2325)
2511	(849, 992)
2512	(1557, 2791)
2513	(549, 1468)
2514	(468, 1778)
2515	(1181, 1204)
2516	(1865, 2265)
2517	(484, 2687)
2518	(45, 1768)
2519	(276, 1048)
2520	(973, 1902)
2521	(276, 2207)
2522	(1289, 2725)
2523	(1832, 2501)
2524	(267, 2401)
2525	(1972, 2352)
2526	(155, 1564)
2527	(65, 468)
2528	(1131, 2982)
2529	(374, 863)
2530	(1753, 1941)
2531	(45, 1024)
2532	(836, 1679)
2533	(468, 1121)
2534	(2771, 2790)
2535	(1863, 2573)
2536	(431, 2108)
2537	(2609, 2902)
2538	(2123, 2360)
2539	(1438, 2464)
2540	(393, 1388)
2541	(2119, 2423)
2542	(738, 2484)
2543	(364, 863)
2544	(1851, 2244)
2545	(211, 2879)
2546	(183, 221)
2547	(768, 1406)
2548	(35, 626)
2549	(248, 2902)
2550	(1494, 2265)
2551	(1650, 1851)
2552	(1244, 1748)
2553	(315, 925)
2554	(660, 1721)
2555	(269, 1735)
2556	(1287, 2791)
2557	(601, 1016)
2558	(677, 1110)
2559	(1301, 2982)
2560	(45, 472)
2561	(552, 2264)
2562	(20, 2045)
2563	(20, 1874)
2564	(20, 1320)
2565	(20, 1552)
2566	(315, 827)
2567	(468, 1112)
2568	(877, 1016)
2569	(1339, 2593)
2570	(1419, 2548)
2571	(1602, 2117)
2572	(1584, 1838)
2573	(395, 1880)
2574	(649, 899)
2575	(117, 287)
2576	(1063, 2352)
2577	(2120, 2701)
2578	(1439, 2701)
2579	(92, 2701)
2580	(1629, 2701)
2581	(1111, 1284)
2582	(70, 1614)
2583	(2486, 2878)
2584	(567, 657)
2585	(45, 906)
2586	(1682, 2298)
2587	(276, 2783)
2588	(23, 1761)
2589	(2260, 2531)
2590	(626, 2379)
2591	(952, 1941)
2592	(705, 2259)
2593	(705, 2508)
2594	(705, 2632)
2595	(705, 2288)
2596	(2383, 2845)
2597	(1087, 2390)
2598	(833, 2159)
2599	(863, 1361)
2600	(2265, 2842)
2601	(1879, 2791)
2602	(45, 1441)
2603	(131, 2902)
2604	(468, 2134)
2605	(198, 2601)
2606	(198, 2378)
2607	(198, 1293)
2608	(198, 1762)
2609	(2108, 2680)
2610	(1679, 2237)
2611	(458, 732)
2612	(183, 1929)
2613	(1851, 3096)
2614	(458, 1646)
2615	(933, 2817)
2616	(2567, 2913)
2617	(2498, 2982)
2618	(377, 2624)
2619	(315, 1314)
2620	(944, 1588)
2621	(1056, 1712)
2622	(1014, 2948)
2623	(2265, 2885)
2624	(2029, 2774)
2625	(1798, 2205)
2626	(2679, 2791)
2627	(767, 2265)
2628	(514, 1685)
2629	(521, 1206)
2630	(12, 1289)
2631	(1980, 3061)
2632	(1032, 1296)
2633	(1032, 1140)
2634	(291, 863)
2635	(973, 2100)
2636	(2352, 2568)
2637	(543, 2420)
2638	(1827, 2420)
2639	(126, 2420)
2640	(1941, 2649)
2641	(1679, 2699)
2642	(1679, 2479)
2643	(2112, 2479)
2644	(2398, 2479)
2645	(2479, 2572)
2646	(493, 1174)
2647	(1174, 1844)
2648	(81, 1174)
2649	(1174, 1740)
2650	(1941, 2409)
2651	(2727, 2965)
2652	(2363, 2727)
2653	(1361, 2727)
2654	(1467, 2727)
2655	(1765, 2982)
2656	(771, 1302)
2657	(771, 1098)
2658	(771, 1499)
2659	(771, 1965)
2660	(1289, 2401)
2661	(1016, 2460)
2662	(395, 2760)
2663	(799, 1851)
2664	(32, 3079)
2665	(1032, 1106)
2666	(315, 390)
2667	(1085, 1296)
2668	(1969, 2265)
2669	(530, 2265)
2670	(450, 2420)
2671	(468, 1687)
2672	(276, 1815)
2673	(1952, 2586)
2674	(1579, 1829)
2675	(889, 1289)
2676	(38, 1564)
2677	(1154, 1804)
2678	(564, 2449)
2679	(564, 591)
2680	(240, 564)
2681	(170, 564)
2682	(1045, 1085)
2683	(117, 369)
2684	(435, 2368)
2685	(427, 1289)
2686	(1721, 2516)
2687	(719, 1851)
2688	(1311, 2760)
2689	(1409, 2228)
2690	(2228, 2918)
2691	(925, 2228)
2692	(166, 1036)
2693	(2249, 2265)
2694	(1651, 2275)
2695	(393, 834)
2696	(1818, 1929)
2697	(595, 2711)
2698	(2010, 2656)
2699	(1924, 2965)
2700	(83, 1753)
2701	(1159, 2281)
2702	(567, 1002)
2703	(1352, 2791)
2704	(54, 518)
2705	(518, 1886)
2706	(518, 2676)
2707	(518, 526)
2708	(197, 1594)
2709	(1523, 3032)
2710	(2853, 2921)
2711	(450, 1225)
2712	(2982, 2997)
2713	(1777, 2352)
2714	(1394, 2887)
2715	(1577, 2913)
2716	(863, 2139)
2717	(355, 2352)
2718	(1346, 2965)
2719	(2265, 2866)
2720	(1833, 2265)
2721	(1289, 1535)
2722	(616, 1895)
2723	(1407, 1975)
2724	(45, 488)
2725	(1119, 1334)
2726	(728, 2265)
2727	(2332, 2410)
2728	(2532, 2562)
2729	(468, 2472)
2730	(1373, 2269)
2731	(118, 2965)
2732	(118, 1049)
2733	(118, 2041)
2734	(118, 939)
2735	(468, 867)
2736	(1851, 3045)
2737	(782, 1016)
2738	(326, 1851)
2739	(45, 1624)
2740	(1343, 1669)
2741	(2265, 3031)
2742	(1738, 2991)
2743	(1350, 2989)
2744	(13, 2814)
2745	(229, 2853)
2746	(2238, 2265)
2747	(1218, 1450)
2748	(394, 1450)
2749	(525, 1450)
2750	(973, 1450)
2751	(2265, 2417)
2752	(1440, 2965)
2753	(315, 1440)
2754	(1154, 1440)
2755	(1440, 2933)
2756	(1058, 1289)
2757	(657, 999)
2758	(1285, 1851)
2759	(567, 822)
2760	(869, 1862)
2761	(1851, 3046)
2762	(195, 1289)
2763	(752, 2598)
2764	(32, 1920)
2765	(1701, 1920)
2766	(1920, 2263)
2767	(1097, 1920)
2768	(7, 2466)
2769	(986, 2352)
2770	(767, 1851)
2771	(424, 1929)
2772	(1294, 2618)
2773	(863, 1120)
2774	(264, 1944)
2775	(1016, 2504)
2776	(549, 2131)
2777	(895, 2845)
2778	(1656, 2039)
2779	(2660, 2926)
2780	(1851, 2678)
2781	(483, 852)
2782	(483, 3019)
2783	(483, 1553)
2784	(136, 689)
2785	(203, 1496)
2786	(1496, 1883)
2787	(1496, 2036)
2788	(1496, 2618)
2789	(333, 1140)
2790	(2254, 2484)
2791	(45, 65)
2792	(833, 3061)
2793	(502, 2352)
2794	(1030, 1851)
2795	(136, 2152)
2796	(1929, 3072)
2797	(415, 1903)
2798	(203, 683)
2799	(298, 683)
2800	(683, 1006)
2801	(683, 2476)
2802	(1929, 2130)
2803	(1350, 2982)
2804	(110, 2982)
2805	(2481, 3046)
2806	(567, 1304)
2807	(944, 2626)
2808	(2266, 2786)
2809	(863, 1276)
2810	(2365, 2401)
2811	(961, 968)
2812	(295, 2295)
2813	(973, 2946)
2814	(1851, 2860)
2815	(1140, 1807)
2816	(1551, 2136)
2817	(1628, 2071)
2818	(1546, 1628)
2819	(1628, 2249)
2820	(1248, 1628)
2821	(943, 2323)
2822	(1014, 2194)
2823	(892, 947)
2824	(973, 2055)
2825	(32, 1233)
2826	(1233, 2282)
2827	(1055, 1233)
2828	(836, 1233)
2829	(2039, 2708)
2830	(132, 1032)
2831	(1471, 2401)
2832	(2265, 2642)
2833	(1755, 2265)
2834	(685, 863)
2835	(1947, 2878)
2836	(1003, 2259)
2837	(228, 1266)
2838	(455, 2265)
2839	(45, 1922)
2840	(549, 2088)
2841	(1094, 1289)
2842	(27, 1738)
2843	(353, 1079)
2844	(306, 1036)
2845	(1036, 1459)
2846	(1036, 1156)
2847	(359, 2203)
2848	(359, 2132)
2849	(359, 753)
2850	(359, 2406)
2851	(2143, 3090)
2852	(2088, 2265)
2853	(579, 1941)
2854	(1025, 2352)
2855	(188, 2829)
2856	(1107, 2965)
2857	(1107, 2738)
2858	(1027, 1107)
2859	(1107, 1142)
2860	(376, 1587)
2861	(1252, 1952)
2862	(1645, 1884)
2863	(1268, 2760)
2864	(863, 2340)
2865	(425, 2785)
2866	(1941, 2399)
2867	(468, 1024)
2868	(1805, 2265)
2869	(970, 2352)
2870	(1937, 2144)
2871	(1017, 1724)
2872	(794, 1738)
2873	(1565, 2965)
2874	(1565, 2807)
2875	(1565, 2969)
2876	(554, 1565)
2877	(2286, 2820)
2878	(863, 2771)
2879	(1501, 2352)
2880	(613, 1692)
2881	(385, 1394)
2882	(894, 1738)
2883	(297, 2654)
2884	(126, 723)
2885	(204, 1301)
2886	(649, 2518)
2887	(2108, 2911)
2888	(549, 2503)
2889	(1032, 2581)
2890	(38, 1831)
2891	(411, 1941)
2892	(2352, 2525)
2893	(1372, 2481)
2894	(2585, 2598)
2895	(468, 1441)
2896	(895, 2481)
2897	(1603, 2265)
2898	(1204, 1582)
2899	(1016, 1453)
2900	(1052, 1283)
2901	(148, 2428)
2902	(2902, 3042)
2903	(246, 2965)
2904	(989, 1209)
2905	(1543, 1919)
2906	(576, 1016)
2907	(622, 1917)
2908	(397, 863)
2909	(694, 2763)
2910	(665, 1445)
2911	(892, 3038)
2912	(863, 2051)
2913	(1645, 1822)
2914	(863, 2559)
2915	(927, 2815)
2916	(154, 927)
2917	(927, 2124)
2918	(927, 1243)
2919	(1211, 1550)
2920	(1835, 2707)
2921	(26, 616)
2922	(1310, 2033)
2923	(567, 1061)
2924	(723, 2772)
2925	(348, 2265)
2926	(468, 1803)
2927	(125, 863)
2928	(277, 1415)
2929	(171, 2078)
2930	(32, 2352)
2931	(1870, 2993)
2932	(1419, 2108)
2933	(2794, 2902)
2934	(45, 2017)
2935	(1837, 1851)
2936	(1095, 1494)
2937	(468, 2291)
2938	(1851, 2229)
2939	(241, 2902)
2940	(1851, 2787)
2941	(900, 2830)
2942	(1961, 2265)
2943	(84, 1280)
2944	(1239, 2265)
2945	(903, 1381)
2946	(2352, 2844)
2947	(1971, 2791)
2948	(386, 2265)
2949	(10, 468)
2950	(315, 2649)
2951	(1851, 3064)
2952	(1013, 1679)
2953	(1228, 1590)
2954	(1710, 2106)
2955	(276, 1390)
2956	(1631, 2629)
2957	(2624, 2895)
2958	(2265, 2593)
2959	(776, 1806)
2960	(1846, 2506)
2961	(377, 2352)
2962	(453, 1645)
2963	(276, 2359)
2964	(2265, 2478)
2965	(24, 1016)
2966	(549, 884)
2967	(1289, 1604)
2968	(211, 1798)
2969	(410, 726)
2970	(275, 410)
2971	(410, 1067)
2972	(410, 2461)
2973	(584, 1851)
2974	(1442, 2046)
2975	(1851, 3006)
2976	(292, 2262)
2977	(441, 1318)
2978	(1289, 2197)
2979	(1183, 2639)
2980	(468, 2595)
2981	(297, 834)
2982	(673, 2352)
2983	(696, 1738)
2984	(567, 1215)
2985	(1832, 2938)
2986	(607, 2578)
2987	(1929, 2891)
2988	(626, 1643)
2989	(478, 1064)
2990	(117, 1983)
2991	(678, 1920)
2992	(1920, 2866)
2993	(662, 1920)
2994	(2152, 2501)
2995	(373, 1851)
2996	(36, 276)
2997	(1929, 2276)
2998	(126, 201)
2999	(2280, 3087)
3000	(241, 3052)
3001	(863, 2649)
3002	(852, 2352)
3003	(417, 1016)
3004	(567, 1829)
3005	(1012, 1851)
3006	(23, 1025)
3007	(1897, 2265)
3008	(2348, 2965)
3009	(1180, 2348)
3010	(2348, 2876)
3011	(1190, 2348)
3012	(1266, 2830)
3013	(2791, 2982)
3014	(1024, 2965)
3015	(1289, 1984)
3016	(1420, 2583)
3017	(836, 1450)
3018	(797, 1603)
3019	(819, 2560)
3020	(315, 2704)
3021	(53, 1331)
3022	(45, 2912)
3023	(641, 1016)
3024	(229, 2878)
3025	(1587, 1712)
3026	(45, 2758)
3027	(276, 665)
3028	(1259, 2560)
3029	(620, 989)
3030	(468, 1667)
3031	(136, 1948)
3032	(1556, 2265)
3033	(418, 1020)
3034	(514, 616)
3035	(1651, 2845)
3036	(1004, 2249)
3037	(1222, 1776)
3038	(1132, 2265)
3039	(1400, 2971)
3040	(276, 436)
3041	(1016, 2363)
3042	(468, 1747)
3043	(717, 2902)
3044	(290, 1851)
3045	(2779, 2949)
3046	(1123, 1851)
3047	(276, 1812)
3048	(930, 1082)
3049	(1502, 2649)
3050	(315, 952)
3051	(809, 2878)
3052	(571, 2549)
3053	(1384, 1869)
3054	(1023, 1869)
3055	(1806, 1869)
3056	(1869, 2800)
3057	(760, 1543)
3058	(152, 2739)
3059	(1341, 2039)
3060	(1594, 2163)
3061	(1594, 2526)
3062	(280, 1594)
3063	(1283, 1594)
3064	(1539, 2265)
3065	(45, 2954)
3066	(1987, 2518)
3067	(863, 2822)
3068	(863, 1289)
3069	(1870, 2561)
3070	(75, 2620)
3071	(2265, 2422)
3072	(2352, 3069)
3073	(2444, 2569)
3074	(2320, 2774)
3075	(1952, 2672)
3076	(286, 1454)
3077	(468, 890)
3078	(2011, 2225)
3079	(16, 2358)
3080	(2390, 2594)
3081	(2594, 2693)
3082	(1770, 2594)
3083	(2180, 2594)
3084	(2729, 2915)
3085	(1943, 2697)
3086	(1943, 2622)
3087	(144, 1943)
3088	(1075, 1943)
3089	(514, 743)
3090	(743, 1986)
3091	(743, 3065)
3092	(1124, 2444)
3093	(45, 2271)
3094	(1973, 2265)
3095	(645, 1851)
3096	(1753, 2790)
3097	(226, 2310)
3098	(673, 1289)
3099	(532, 567)
3100	(1491, 1694)
3101	(1394, 2996)
3102	(38, 498)
3103	(2263, 2265)
3104	(1882, 2390)
3105	(1882, 2827)
3106	(1882, 2789)
3107	(1882, 2396)
3108	(1941, 2982)
3109	(2352, 2471)
3110	(1481, 1679)
3111	(276, 1932)
3112	(1032, 1921)
3113	(29, 2995)
3114	(45, 921)
3115	(276, 2319)
3116	(1544, 2965)
3117	(1544, 2807)
3118	(1544, 1818)
3119	(1544, 3099)
3120	(948, 1959)
3121	(2497, 2982)
3122	(2449, 2838)
3123	(1379, 2838)
3124	(2039, 2838)
3125	(2727, 2838)
3126	(1941, 2822)
3127	(1782, 2329)
3128	(740, 2329)
3129	(1992, 2329)
3130	(952, 2329)
3131	(1025, 1350)
3132	(346, 2750)
3133	(1289, 2592)
3134	(1118, 2019)
3135	(1599, 1679)
3136	(468, 2438)
3137	(789, 2261)
3138	(86, 1732)
3139	(2265, 2975)
3140	(344, 2265)
3141	(128, 567)
3142	(2519, 2965)
3143	(81, 2519)
3144	(698, 2519)
3145	(1554, 2519)
3146	(2204, 2707)
3147	(1445, 1941)
3148	(468, 2297)
3149	(228, 1791)
3150	(2758, 2965)
3151	(861, 2758)
3152	(107, 2758)
3153	(2145, 2758)
3154	(2253, 2492)
3155	(1032, 1196)
3156	(429, 3099)
3157	(59, 2265)
3158	(1858, 2506)
3159	(119, 1032)
3160	(616, 1828)
3161	(468, 2757)
3162	(468, 1924)
3163	(1263, 1534)
3164	(1480, 2708)
3165	(756, 1851)
3166	(1289, 3019)
3167	(331, 952)
3168	(45, 367)
3169	(1322, 1839)
3170	(268, 1322)
3171	(989, 1322)
3172	(1322, 2013)
3173	(4, 754)
3174	(256, 2376)
3175	(1385, 2791)
3176	(149, 871)
3177	(863, 2036)
3178	(784, 1819)
3179	(1801, 2426)
3180	(1164, 2010)
3181	(1140, 2533)
3182	(649, 1378)
3183	(1271, 2750)
3184	(153, 468)
3185	(1672, 2453)
3186	(1646, 2453)
3187	(415, 2453)
3188	(241, 1552)
3189	(1618, 2352)
3190	(127, 2902)
3191	(549, 1199)
3192	(206, 1451)
3193	(227, 3016)
3194	(1828, 2265)
3195	(468, 1469)
3196	(1122, 2332)
3197	(416, 2422)
3198	(416, 2068)
3199	(416, 2156)
3200	(1403, 2265)
3201	(99, 1415)
3202	(1279, 1851)
3203	(91, 1851)
3204	(324, 1233)
3205	(849, 1233)
3206	(1233, 2290)
3207	(258, 468)
3208	(282, 863)
3209	(201, 1832)
3210	(609, 2290)
3211	(144, 1795)
3212	(672, 2546)
3213	(617, 2056)
3214	(243, 1584)
3215	(1205, 2048)
3216	(892, 2324)
3217	(468, 1565)
3218	(1289, 2160)
3219	(1631, 2265)
3220	(793, 1238)
3221	(1550, 2862)
3222	(1737, 2965)
3223	(1289, 2863)
3224	(2352, 3049)
3225	(887, 2985)
3226	(2265, 2755)
3227	(149, 2740)
3228	(117, 2487)
3229	(14, 744)
3230	(1121, 2518)
3231	(117, 2940)
3232	(342, 1406)
3233	(330, 2470)
3234	(1382, 1926)
3235	(2342, 2400)
3236	(805, 2713)
3237	(783, 2352)
3238	(1550, 1616)
3239	(1798, 2937)
3240	(1343, 2265)
3241	(1832, 2010)
3242	(1738, 2222)
3243	(872, 2632)
3244	(1148, 1534)
3245	(1989, 2858)
3246	(757, 1851)
3247	(1564, 2205)
3248	(1138, 1738)
3249	(739, 863)
3250	(987, 2153)
3251	(1305, 2449)
3252	(1227, 1679)
3253	(1062, 1128)
3254	(1501, 2120)
3255	(453, 1501)
3256	(1501, 1888)
3257	(1501, 1931)
3258	(1861, 2072)
3259	(658, 3013)
3260	(386, 1851)
3261	(1851, 2899)
3262	(1756, 2265)
3263	(117, 2047)
3264	(1140, 2897)
3265	(521, 2762)
3266	(974, 2265)
3267	(0, 845)
3268	(701, 1976)
3269	(1141, 2487)
3270	(1034, 1900)
3271	(560, 893)
3272	(276, 999)
3273	(1032, 2053)
3274	(1211, 2352)
3275	(1138, 2323)
3276	(1263, 1297)
3277	(434, 1016)
3278	(1247, 2279)
3279	(297, 2011)
3280	(838, 1700)
3281	(121, 1089)
3282	(90, 2040)
3283	(725, 945)
3284	(863, 2600)
3285	(2265, 2932)
3286	(45, 1978)
3287	(1016, 2157)
3288	(549, 1327)
3289	(1881, 1941)
3290	(244, 1794)
3291	(1065, 2513)
3292	(108, 1289)
3293	(1833, 1851)
3294	(807, 1132)
3295	(1424, 1851)
3296	(1413, 1499)
3297	(662, 745)
3298	(1274, 2152)
3299	(326, 2265)
3300	(176, 991)
3301	(334, 2817)
3302	(209, 2661)
3303	(1525, 2902)
3304	(567, 836)
3305	(2145, 2606)
3306	(1974, 2331)
3307	(2152, 2908)
3308	(1315, 2908)
3309	(1250, 2908)
3310	(1941, 2908)
3311	(1584, 2740)
3312	(468, 3027)
3313	(636, 2330)
3314	(126, 999)
3315	(2094, 2845)
3316	(2060, 2965)
3317	(1162, 2060)
3318	(591, 2060)
3319	(294, 2060)
3320	(313, 1566)
3321	(422, 2352)
3322	(1289, 1587)
3323	(287, 1454)
3324	(189, 511)
3325	(2265, 3005)
3326	(183, 2298)
3327	(1851, 2975)
3328	(549, 841)
3329	(414, 2265)
3330	(1579, 2133)
3331	(468, 817)
3332	(32, 835)
3333	(835, 3042)
3334	(835, 2791)
3335	(405, 835)
3336	(32, 1270)
3337	(203, 636)
3338	(904, 1770)
3339	(276, 2298)
3340	(468, 2943)
3341	(2265, 2682)
3342	(979, 1356)
3343	(2265, 2351)
3344	(1915, 2857)
3345	(2195, 2552)
3346	(1736, 3025)
3347	(83, 2786)
3348	(1907, 2511)
3349	(969, 2000)
3350	(1302, 1473)
3351	(1302, 2639)
3352	(1302, 2463)
3353	(1068, 1302)
3354	(639, 1801)
3355	(117, 2596)
3356	(215, 1050)
3357	(1289, 1682)
3358	(168, 579)
3359	(1433, 2965)
3360	(1433, 1792)
3361	(1433, 1891)
3362	(593, 1433)
3363	(135, 297)
3364	(593, 2484)
3365	(19, 393)
3366	(257, 361)
3367	(418, 2361)
3368	(2361, 2364)
3369	(1673, 2361)
3370	(2225, 2361)
3371	(33, 1376)
3372	(468, 2847)
3373	(253, 2095)
3374	(2265, 2510)
3375	(1121, 2332)
3376	(1799, 1952)
3377	(170, 567)
3378	(1499, 2457)
3379	(185, 468)
3380	(1379, 2518)
3381	(1182, 1379)
3382	(1379, 2734)
3383	(1379, 2056)
3384	(741, 1915)
3385	(1851, 2122)
3386	(468, 2060)
3387	(1016, 1386)
3388	(2247, 2759)
3389	(130, 2261)
3390	(2265, 2994)
3391	(1141, 3038)
3392	(1361, 2791)
3393	(549, 1679)
3394	(295, 3008)
3395	(249, 863)
3396	(1564, 2740)
3397	(1800, 2791)
3398	(32, 263)
3399	(263, 1501)
3400	(263, 868)
3401	(263, 1035)
3402	(17, 117)
3403	(1823, 2352)
3404	(173, 2370)
3405	(47, 2902)
3406	(375, 2982)
3407	(2550, 3063)
3408	(1854, 2607)
3409	(1653, 1851)
3410	(528, 2764)
3411	(919, 2405)
3412	(1661, 2982)
3413	(538, 1851)
3414	(282, 2790)
3415	(468, 800)
3416	(2090, 2745)
3417	(277, 1369)
3418	(2346, 2760)
3419	(2834, 2965)
3420	(572, 2959)
3421	(1517, 3089)
3422	(1016, 1227)
3423	(228, 1566)
3424	(368, 2401)
3425	(1832, 2674)
3426	(757, 2265)
3427	(616, 799)
3428	(618, 2470)
3429	(70, 2750)
3430	(173, 1092)
3431	(930, 1675)
3432	(2039, 2075)
3433	(138, 2352)
3434	(1336, 1851)
3435	(2265, 2367)
3436	(1274, 2763)
3437	(151, 863)
3438	(484, 492)
3439	(276, 2754)
3440	(276, 3020)
3441	(697, 2101)
3442	(994, 1395)
3443	(722, 2421)
3444	(549, 1098)
3445	(1846, 2162)
3446	(1085, 3029)
3447	(637, 1154)
3448	(126, 649)
3449	(468, 526)
3450	(692, 2352)
3451	(1794, 2691)
3452	(1738, 2921)
3453	(1289, 2010)
3454	(1873, 2265)
3455	(112, 2745)
3456	(269, 1543)
3457	(32, 2737)
3458	(404, 567)
3459	(1016, 2149)
3460	(240, 468)
3461	(1156, 1289)
3462	(567, 2162)
3463	(54, 1064)
3464	(2265, 2713)
3465	(1455, 1929)
3466	(1714, 2352)
3467	(1085, 1848)
3468	(249, 2790)
3469	(45, 2582)
3470	(71, 1499)
3471	(1459, 2039)
3472	(1105, 1600)
3473	(1032, 2684)
3474	(1296, 2454)
3475	(694, 2152)
3476	(1152, 1450)
3477	(513, 1603)
3478	(1906, 2265)
3479	(2464, 2982)
3480	(296, 2882)
3481	(1738, 2277)
3482	(1911, 1964)
3483	(370, 1941)
3484	(649, 1832)
3485	(2064, 2274)
3486	(311, 2265)
3487	(1289, 1916)
3488	(142, 570)
3489	(2265, 2890)
3490	(567, 2038)
3491	(484, 1034)
3492	(729, 2965)
3493	(729, 2243)
3494	(729, 1040)
3495	(729, 2557)
3496	(567, 1059)
3497	(224, 2790)
3498	(2439, 2956)
3499	(751, 1859)
3500	(854, 1614)
3501	(45, 2068)
3502	(1304, 1427)
3503	(804, 3095)
3504	(1929, 2802)
3505	(1935, 1954)
3506	(261, 616)
3507	(67, 1296)
3508	(1289, 2365)
3509	(918, 2388)
3510	(1941, 2679)
3511	(402, 1032)
3512	(2352, 3011)
3513	(1080, 1121)
3514	(2159, 2265)
3515	(2265, 2268)
3516	(1615, 2411)
3517	(269, 2411)
3518	(2411, 2527)
3519	(1138, 2411)
3520	(45, 1850)
3521	(93, 1878)
3522	(1878, 2025)
3523	(629, 1878)
3524	(2265, 2282)
3525	(2323, 3015)
3526	(616, 2077)
3527	(174, 2817)
3528	(150, 2839)
3529	(1851, 2622)
3530	(117, 1289)
3531	(864, 2352)
3532	(662, 949)
3533	(468, 1364)
3534	(295, 2487)
3535	(475, 1793)
3536	(276, 517)
3537	(1661, 2443)
3538	(1334, 2935)
3539	(528, 2101)
3540	(5, 2279)
3541	(2284, 2449)
3542	(1236, 2284)
3543	(248, 2284)
3544	(1881, 2284)
3545	(1691, 2390)
3546	(1691, 2664)
3547	(885, 1691)
3548	(566, 1691)
3549	(1851, 2334)
3550	(872, 1450)
3551	(279, 1087)
3552	(895, 1265)
3553	(1962, 2208)
3554	(45, 1396)
3555	(32, 1332)
3556	(1332, 3067)
3557	(1332, 1935)
3558	(1332, 1392)
3559	(863, 2704)
3560	(511, 2656)
3561	(636, 2780)
3562	(1406, 2540)
3563	(129, 1740)
3564	(431, 2699)
3565	(1661, 2579)
3566	(1454, 1941)
3567	(276, 678)
3568	(2247, 2265)
3569	(49, 2067)
3570	(1248, 1929)
3571	(45, 3101)
3572	(122, 2484)
3573	(1567, 2206)
3574	(1505, 2007)
3575	(806, 2265)
3576	(2265, 2694)
3577	(1977, 2265)
3578	(300, 468)
3579	(722, 1415)
3580	(85, 2541)
3581	(1307, 2265)
3582	(121, 1139)
3583	(892, 2352)
3584	(495, 2352)
3585	(525, 2425)
3586	(661, 1738)
3587	(1851, 2185)
3588	(32, 710)
3589	(45, 50)
3590	(315, 364)
3591	(154, 2265)
3592	(1550, 2002)
3593	(1851, 1896)
3594	(2951, 3082)
3595	(583, 1501)
3596	(1501, 2040)
3597	(841, 1501)
3598	(468, 2705)
3599	(45, 1107)
3600	(2746, 2982)
3601	(964, 2378)
3602	(45, 1293)
3603	(468, 1396)
3604	(78, 407)
3605	(614, 1738)
3606	(539, 1342)
3607	(1909, 2608)
3608	(1713, 2045)
3609	(1713, 2527)
3610	(1713, 2658)
3611	(1713, 2065)
3612	(1962, 2265)
3613	(1415, 2531)
3614	(1300, 3089)
3615	(230, 1851)
3616	(276, 329)
3617	(2560, 2982)
3618	(183, 785)
3619	(468, 910)
3620	(851, 2590)
3621	(14, 287)
3622	(287, 1007)
3623	(287, 1086)
3624	(112, 2900)
3625	(0, 1190)
3626	(657, 1694)
3627	(708, 1851)
3628	(71, 76)
3629	(1487, 2332)
3630	(1077, 2902)
3631	(135, 473)
3632	(1406, 2080)
3633	(1570, 2956)
3634	(1735, 1854)
3635	(671, 1499)
3636	(842, 995)
3637	(2401, 2902)
3638	(45, 2348)
3639	(468, 2414)
3640	(615, 1410)
3641	(1207, 1851)
3642	(2685, 2769)
3643	(991, 2039)
3644	(816, 1193)
3645	(1289, 2676)
3646	(315, 1550)
3647	(117, 469)
3648	(159, 3025)
3649	(227, 874)
3650	(2200, 2703)
3651	(77, 2265)
3652	(2464, 2951)
3653	(1716, 2265)
3654	(1437, 2656)
3655	(1615, 3000)
3656	(2821, 3000)
3657	(692, 3000)
3658	(2454, 3000)
3659	(952, 2791)
3660	(863, 1753)
3661	(276, 1131)
3662	(1, 1929)
3663	(759, 1289)
3664	(130, 941)
3665	(1140, 2481)
3666	(1768, 1912)
3667	(1768, 2661)
3668	(348, 1768)
3669	(1768, 2151)
3670	(172, 236)
3671	(423, 1851)
3672	(1454, 2564)
3673	(446, 1499)
3674	(426, 1454)
3675	(1661, 2983)
3676	(1284, 1945)
3677	(2772, 2849)
3678	(1545, 2265)
3679	(2570, 2900)
3680	(471, 2971)
3681	(1851, 2682)
3682	(863, 1750)
3683	(98, 2045)
3684	(98, 562)
3685	(98, 2878)
3686	(98, 2660)
3687	(1791, 2259)
3688	(1309, 1791)
3689	(143, 1791)
3690	(1112, 1791)
3691	(653, 2231)
3692	(2231, 2446)
3693	(920, 2231)
3694	(1828, 2231)
3695	(1350, 1929)
3696	(2029, 2449)
3697	(2265, 2797)
3698	(404, 836)
3699	(930, 1220)
3700	(430, 2836)
3701	(2008, 2246)
3702	(596, 2352)
3703	(137, 527)
3704	(533, 1082)
3705	(2760, 3015)
3706	(315, 452)
3707	(2352, 2615)
3708	(452, 1941)
3709	(445, 567)
3710	(2245, 2762)
3711	(254, 1083)
3712	(549, 2531)
3713	(2265, 3100)
3714	(2265, 2998)
3715	(1167, 2738)
3716	(2738, 3036)
3717	(1916, 2738)
3718	(2709, 2738)
3719	(1310, 1679)
3720	(1194, 1966)
3721	(2265, 2930)
3722	(971, 2415)
3723	(277, 509)
3724	(832, 1032)
3725	(2265, 2494)
3726	(1895, 2265)
3727	(991, 1342)
3728	(1929, 2606)
3729	(2144, 2889)
3730	(2198, 2265)
3731	(1889, 2332)
3732	(1967, 2484)
3733	(864, 2807)
3734	(655, 864)
3735	(864, 2560)
3736	(864, 1547)
3737	(2882, 3055)
3738	(1550, 2303)
3739	(1289, 1698)
3740	(468, 2348)
3741	(982, 2120)
3742	(982, 2740)
3743	(982, 1709)
3744	(982, 3007)
3745	(694, 2241)
3746	(468, 1091)
3747	(1689, 2791)
3748	(790, 1870)
3749	(965, 2586)
3750	(468, 2850)
3751	(521, 545)
3752	(45, 817)
3753	(736, 1103)
3754	(108, 204)
3755	(600, 2545)
3756	(1442, 1951)
3757	(567, 2534)
3758	(276, 1309)
3759	(567, 941)
3760	(2657, 2982)
3761	(276, 2560)
3762	(1284, 2874)
3763	(2077, 2265)
3764	(2352, 2990)
3765	(1814, 2265)
3766	(425, 796)
3767	(2205, 2680)
3768	(28, 1550)
3769	(1099, 1406)
3770	(332, 837)
3771	(182, 340)
3772	(1451, 2949)
3773	(1627, 2401)
3774	(1851, 2793)
3775	(1591, 1851)
3776	(708, 2265)
3777	(1108, 2879)
3778	(304, 567)
3779	(1442, 2931)
3780	(1102, 2902)
3781	(1227, 2817)
3782	(860, 1407)
3783	(1436, 2265)
3784	(1766, 2967)
3785	(0, 2868)
3786	(2445, 2987)
3787	(117, 2065)
3788	(600, 1450)
3789	(600, 736)
3790	(600, 2819)
3791	(342, 600)
3792	(1326, 1685)
3793	(567, 1315)
3794	(1195, 2934)
3795	(1271, 2806)
3796	(2336, 3034)
3797	(1132, 1428)
3798	(204, 2560)
3799	(669, 1683)
3800	(1974, 2258)
3801	(1454, 2982)
3802	(578, 1738)
3803	(813, 2955)
3804	(922, 2713)
3805	(315, 2379)
3806	(1100, 1578)
3807	(431, 2143)
3808	(851, 2298)
3809	(1539, 1851)
3810	(393, 1964)
3811	(2683, 2893)
3812	(1851, 1950)
3813	(168, 1319)
3814	(666, 2866)
3815	(1832, 3022)
3816	(45, 1469)
3817	(2707, 2798)
3818	(1266, 2796)
3819	(1266, 1314)
3820	(1266, 2759)
3821	(729, 1266)
3822	(73, 1945)
3823	(566, 636)
3824	(239, 2791)
3825	(1974, 2775)
3826	(2922, 2982)
3827	(2501, 2830)
3828	(19, 1951)
3829	(1266, 2730)
3830	(126, 2940)
3831	(1032, 2576)
3832	(328, 1382)
3833	(1249, 2526)
3834	(1020, 2526)
3835	(1979, 2526)
3836	(1694, 2526)
3837	(1296, 2854)
3838	(662, 1477)
3839	(1870, 2004)
3840	(841, 1543)
3841	(2772, 3022)
3842	(1032, 1781)
3843	(567, 1399)
3844	(434, 1679)
3845	(65, 2965)
3846	(63, 65)
3847	(65, 1195)
3848	(65, 2187)
3849	(871, 2892)
3850	(167, 276)
3851	(1271, 2900)
3852	(32, 2167)
3853	(2243, 2352)
3854	(1007, 1738)
3855	(276, 2026)
3856	(1761, 2026)
3857	(1179, 2026)
3858	(1266, 2142)
3859	(1501, 2132)
3860	(468, 1322)
3861	(1875, 2313)
3862	(276, 1389)
3863	(1564, 2517)
3864	(616, 1343)
3865	(143, 1255)
3866	(1717, 2352)
3867	(557, 1851)
3868	(487, 2449)
3869	(487, 559)
3870	(487, 1576)
3871	(275, 487)
3872	(69, 1603)
3873	(23, 674)
3874	(2008, 2866)
3875	(108, 711)
3876	(297, 2871)
3877	(1738, 2831)
3878	(1032, 1818)
3879	(2169, 2265)
3880	(1916, 2401)
3881	(627, 2347)
3882	(500, 627)
3883	(627, 1176)
3884	(627, 2717)
3885	(1373, 2841)
3886	(2265, 2971)
3887	(2326, 2691)
3888	(2265, 2972)
3889	(1764, 3009)
3890	(719, 2265)
3891	(2218, 3038)
3892	(1806, 2205)
3893	(837, 2073)
3894	(758, 2845)
3895	(52, 468)
3896	(1445, 2791)
3897	(467, 2965)
3898	(467, 1659)
3899	(467, 2977)
3900	(467, 765)
3901	(1603, 2170)
3902	(567, 2864)
3903	(1665, 2470)
3904	(1141, 2624)
3905	(470, 839)
3906	(359, 470)
3907	(470, 1064)
3908	(16, 470)
3909	(2050, 2332)
3910	(45, 2021)
3911	(295, 947)
3912	(1448, 2265)
3913	(511, 1771)
3914	(2265, 2773)
3915	(507, 2352)
3916	(164, 2902)
3917	(616, 1888)
3918	(1161, 1824)
3919	(1360, 2639)
3920	(1891, 2265)
3921	(1673, 2259)
3922	(94, 1673)
3923	(686, 1673)
3924	(9, 1673)
3925	(730, 1679)
3926	(2039, 2845)
3927	(2613, 2902)
3928	(324, 2352)
3929	(241, 1562)
3930	(574, 2530)
3931	(1415, 1679)
3932	(360, 2545)
3933	(1961, 2545)
3934	(890, 2545)
3935	(2545, 2713)
3936	(1505, 2806)
3937	(338, 2352)
3938	(2777, 2791)
3939	(2352, 2557)
3940	(92, 2401)
3941	(436, 2982)
3942	(1255, 1353)
3943	(301, 468)
3944	(468, 2068)
3945	(1402, 1615)
3946	(1402, 3048)
3947	(971, 1402)
3948	(1402, 2613)
3949	(45, 2727)
3950	(1932, 2982)
3951	(567, 1782)
3952	(1576, 2265)
3953	(422, 1554)
3954	(422, 817)
3955	(422, 2984)
3956	(1348, 1394)
3957	(583, 2119)
3958	(32, 2265)
3959	(117, 1151)
3960	(2338, 2965)
3961	(1504, 2338)
3962	(269, 2338)
3963	(2338, 2906)
3964	(230, 2265)
3965	(1128, 1345)
3966	(1851, 2797)
3967	(1499, 2007)
3968	(45, 668)
3969	(2318, 2352)
3970	(547, 2352)
3971	(2352, 2556)
3972	(1085, 3068)
3973	(616, 2717)
3974	(316, 429)
3975	(276, 1901)
3976	(668, 2965)
3977	(668, 985)
3978	(402, 668)
3979	(668, 1579)
3980	(15, 2352)
3981	(2352, 2876)
3982	(2119, 2876)
3983	(468, 488)
3984	(45, 2749)
3985	(1016, 2432)
3986	(2942, 3038)
3987	(1018, 2475)
3988	(18, 1018)
3989	(481, 1018)
3990	(1851, 2681)
3991	(204, 1765)
3992	(2792, 2965)
3993	(2792, 3055)
3994	(1221, 2792)
3995	(1917, 2792)
3996	(1851, 1977)
3997	(276, 2676)
3998	(1493, 2902)
3999	(23, 1948)
4000	(478, 2518)
4001	(549, 1326)
4002	(969, 2168)
4003	(1408, 2265)
4004	(2154, 2200)
4005	(1016, 2014)
4006	(636, 1782)
4007	(1631, 2384)
4008	(2298, 2959)
4009	(616, 2807)
4010	(419, 2608)
4011	(1733, 1834)
4012	(204, 2790)
4013	(276, 2623)
4014	(2235, 2445)
4015	(2965, 3027)
4016	(1476, 3027)
4017	(461, 3027)
4018	(2103, 3027)
4019	(2265, 2444)
4020	(32, 1510)
4021	(500, 2982)
4022	(1148, 2879)
4023	(1183, 1415)
4024	(1618, 3000)
4025	(275, 3000)
4026	(1189, 3000)
4027	(1287, 1661)
4028	(1717, 2235)
4029	(450, 1946)
4030	(1803, 2965)
4031	(1803, 2031)
4032	(1063, 1803)
4033	(669, 1803)
4034	(798, 1085)
4035	(2265, 2334)
4036	(1963, 2265)
4037	(1140, 1671)
4038	(32, 1191)
4039	(469, 1191)
4040	(1191, 2963)
4041	(1191, 1937)
4042	(1667, 2965)
4043	(656, 2484)
4044	(1290, 2320)
4045	(76, 2086)
4046	(1854, 2015)
4047	(535, 1497)
4048	(1693, 1851)
4049	(1939, 2352)
4050	(2548, 2680)
4051	(590, 1296)
4052	(1945, 1961)
4053	(468, 1978)
4054	(567, 2799)
4055	(1851, 2165)
4056	(445, 702)
4057	(1851, 1960)
4058	(1429, 1581)
4059	(1009, 2352)
4060	(1033, 2484)
4061	(2105, 2444)
4062	(1189, 2366)
4063	(573, 1140)
4064	(1085, 2521)
4065	(1550, 1826)
4066	(569, 2040)
4067	(883, 1255)
4068	(972, 2352)
4069	(1212, 1672)
4070	(2182, 2902)
4071	(106, 474)
4072	(1701, 2604)
4073	(2484, 2876)
4074	(616, 2159)
4075	(803, 1261)
4076	(863, 1622)
4077	(2790, 2883)
4078	(1853, 2265)
4079	(314, 1204)
4080	(1868, 1929)
4081	(1289, 2720)
4082	(1070, 1266)
4083	(135, 2608)
4084	(1464, 1933)
4085	(863, 3073)
4086	(126, 2192)
4087	(239, 863)
4088	(493, 1016)
4089	(1368, 1741)
4090	(549, 2358)
4091	(106, 1234)
4092	(295, 2375)
4093	(1087, 2658)
4094	(1087, 1189)
4095	(1087, 2593)
4096	(973, 2475)
4097	(864, 1289)
4098	(929, 2502)
4099	(42, 929)
4100	(929, 2154)
4101	(929, 2918)
4102	(1929, 2624)
4103	(895, 951)
4104	(32, 2366)
4105	(734, 1806)
4106	(171, 304)
4107	(171, 1368)
4108	(171, 1820)
4109	(171, 182)
4110	(819, 1941)
4111	(409, 2790)
4112	(276, 1446)
4113	(1328, 2965)
4114	(1328, 1883)
4115	(1328, 2414)
4116	(1328, 1855)
4117	(1968, 2902)
4118	(35, 1941)
4119	(844, 1584)
4120	(1033, 2347)
4121	(767, 2347)
4122	(2347, 2444)
4123	(279, 1882)
4124	(646, 2541)
4125	(468, 729)
4126	(403, 1851)
4127	(655, 2265)
4128	(1203, 1289)
4129	(841, 1456)
4130	(221, 1818)
4131	(1947, 2298)
4132	(973, 2484)
4133	(229, 737)
4134	(1014, 1955)
4135	(2422, 2719)
4136	(32, 1670)
4137	(1007, 1670)
4138	(1261, 1670)
4139	(1670, 2003)
4140	(938, 1564)
4141	(1140, 2265)
4142	(1289, 2669)
4143	(1116, 2982)
4144	(102, 418)
4145	(102, 1169)
4146	(102, 660)
4147	(102, 455)
4148	(45, 2757)
4149	(1754, 2955)
4150	(332, 1829)
4151	(1113, 1738)
4152	(1630, 2707)
4153	(62, 1851)
4154	(540, 1572)
4155	(382, 2557)
4156	(1989, 2557)
4157	(1851, 2557)
4158	(616, 1952)
4159	(1418, 2670)
4160	(2372, 2618)
4161	(893, 2352)
4162	(276, 1810)
4163	(335, 1140)
4164	(295, 1880)
4165	(276, 1698)
4166	(733, 3083)
4167	(1550, 3018)
4168	(484, 1981)
4169	(567, 1832)
4170	(609, 623)
4171	(1272, 2901)
4172	(1952, 2248)
4173	(1140, 1367)
4174	(1970, 2791)
4175	(616, 1710)
4176	(1312, 2545)
4177	(886, 1312)
4178	(1312, 1490)
4179	(1312, 1594)
4180	(484, 2265)
4181	(878, 3083)
4182	(223, 468)
4183	(2753, 2893)
4184	(866, 1661)
4185	(45, 51)
4186	(969, 1691)
4187	(501, 1691)
4188	(1349, 1691)
4189	(468, 2818)
4190	(1267, 2352)
4191	(586, 2265)
4192	(2056, 2152)
4193	(1422, 2924)
4194	(870, 2191)
4195	(2191, 2339)
4196	(1438, 2191)
4197	(906, 2191)
4198	(1326, 2265)
4199	(204, 863)
4200	(2501, 2611)
4201	(32, 356)
4202	(1840, 2647)
4203	(97, 2707)
4204	(2209, 2817)
4205	(1851, 2077)
4206	(1435, 2449)
4207	(11, 1435)
4208	(362, 1435)
4209	(852, 1435)
4210	(45, 2910)
4211	(2221, 2969)
4212	(468, 1752)
4213	(161, 2593)
4214	(421, 1289)
4215	(567, 828)
4216	(1446, 1929)
4217	(454, 1594)
4218	(1300, 2373)
4219	(2151, 2901)
4220	(1684, 1855)
4221	(1177, 1661)
4222	(1674, 1903)
4223	(769, 2265)
4224	(1974, 2980)
4225	(86, 1851)
4226	(1120, 1941)
4227	(1851, 2805)
4228	(1140, 2686)
4229	(260, 2119)
4230	(1163, 1851)
4231	(697, 1564)
4232	(812, 1941)
4233	(1289, 2606)
4234	(1775, 2265)
4235	(393, 680)
4236	(178, 2647)
4237	(1152, 2632)
4238	(205, 2265)
4239	(1032, 1611)
4240	(2144, 2148)
4241	(1085, 1500)
4242	(1962, 2311)
4243	(1594, 1825)
4244	(1594, 2444)
4245	(1327, 1594)
4246	(153, 2965)
4247	(153, 1598)
4248	(153, 1990)
4249	(153, 209)
4250	(1429, 2010)
4251	(2352, 2923)
4252	(993, 2152)
4253	(863, 1881)
4254	(1621, 2982)
4255	(276, 491)
4256	(91, 2265)
4257	(1851, 3100)
4258	(276, 337)
4259	(1458, 1851)
4260	(860, 2311)
4261	(769, 1851)
4262	(2040, 2507)
4263	(10, 2965)
4264	(10, 294)
4265	(10, 2244)
4266	(10, 752)
4267	(1744, 1941)
4268	(330, 479)
4269	(1499, 1798)
4270	(468, 1922)
4271	(1406, 2702)
4272	(1424, 2265)
4273	(1784, 2265)
4274	(1692, 2265)
4275	(2143, 2711)
4276	(659, 914)
4277	(45, 153)
4278	(32, 709)
4279	(150, 1946)
4280	(2175, 2293)
4281	(384, 1533)
4282	(5, 149)
4283	(1019, 1358)
4284	(1275, 1550)
4285	(665, 1016)
4286	(468, 1789)
4287	(818, 1204)
4288	(616, 2531)
4289	(1719, 1738)
4290	(468, 1145)
4291	(289, 418)
4292	(1003, 2376)
4293	(1266, 2493)
4294	(1989, 2049)
4295	(188, 549)
4296	(1634, 2680)
4297	(468, 906)
4298	(23, 1529)
4299	(662, 1844)
4300	(1204, 2063)
4301	(2103, 3037)
4302	(1994, 2700)
4303	(468, 1759)
4304	(1748, 2010)
4305	(1289, 1478)
4306	(1073, 2417)
4307	(1376, 2011)
4308	(2096, 2253)
4309	(32, 898)
4310	(189, 898)
4311	(380, 898)
4312	(59, 898)
4313	(1995, 2477)
4314	(510, 1995)
4315	(268, 1995)
4316	(2485, 2518)
4317	(1167, 2808)
4318	(461, 1289)
4319	(1289, 2354)
4320	(336, 1032)
4321	(872, 2352)
4322	(1140, 1577)
4323	(808, 2785)
4324	(1661, 1818)
4325	(567, 1167)
4326	(1400, 2304)
4327	(1593, 2466)
4328	(331, 1744)
4329	(812, 863)
4330	(468, 2191)
4331	(2005, 2265)
4332	(468, 2339)
4333	(771, 1175)
4334	(1171, 2449)
4335	(1176, 1258)
4336	(408, 1176)
4337	(90, 1176)
4338	(559, 1176)
4339	(313, 430)
4340	(313, 1694)
4341	(313, 2188)
4342	(313, 2399)
4343	(1738, 2928)
4344	(1564, 2995)
4345	(552, 2265)
4346	(928, 2265)
4347	(1950, 2265)
4348	(1502, 2982)
4349	(1032, 2012)
4350	(657, 1639)
4351	(1930, 2449)
4352	(564, 1930)
4353	(204, 1930)
4354	(1930, 2320)
4355	(2144, 2368)
4356	(847, 994)
4357	(1130, 1194)
4358	(730, 2817)
4359	(276, 1515)
4360	(1696, 1851)
4361	(124, 2366)
4362	(468, 480)
4363	(1145, 2965)
4364	(1145, 2678)
4365	(1145, 1671)
4366	(1145, 1251)
4367	(863, 2446)
4368	(79, 1421)
4369	(2043, 2223)
4370	(2444, 2512)
4371	(1443, 1941)
4372	(2855, 2902)
4373	(863, 2961)
4374	(1260, 2098)
4375	(626, 1085)
4376	(1289, 2301)
4377	(508, 2810)
4378	(1140, 1200)
4379	(585, 863)
4380	(276, 372)
4381	(1834, 2999)
4382	(218, 2866)
4383	(2248, 2384)
4384	(615, 1763)
4385	(437, 1851)
4386	(526, 2965)
4387	(468, 3021)
4388	(340, 1016)
4389	(872, 1289)
4390	(1566, 2259)
4391	(468, 2061)
4392	(1859, 2102)
4393	(636, 1103)
4394	(1488, 1756)
4395	(317, 2265)
4396	(488, 2965)
4397	(488, 2349)
4398	(488, 550)
4399	(488, 1957)
4400	(836, 872)
4401	(2449, 2718)
4402	(276, 1621)
4403	(2265, 2872)
4404	(1916, 2352)
4405	(137, 2508)
4406	(1839, 2344)
4407	(565, 2344)
4408	(224, 2344)
4409	(965, 2344)
4410	(1284, 2265)
4411	(328, 2352)
4412	(82, 616)
4413	(772, 1738)
4414	(304, 1015)
4415	(967, 1015)
4416	(1015, 2141)
4417	(1015, 1468)
4418	(1016, 2646)
4419	(800, 2965)
4420	(800, 2317)
4421	(318, 800)
4422	(800, 2649)
4423	(295, 395)
4424	(1727, 1974)
4425	(1863, 2472)
4426	(851, 1738)
4427	(1576, 1851)
4428	(496, 1284)
4429	(468, 1299)
4430	(1257, 2352)
4431	(458, 2089)
4432	(615, 2265)
4433	(78, 2770)
4434	(253, 1232)
4435	(2501, 2918)
4436	(2531, 3058)
4437	(117, 2928)
4438	(640, 1776)
4439	(2332, 2475)
4440	(616, 1037)
4441	(551, 1564)
4442	(1140, 1217)
4443	(276, 2171)
4444	(2866, 2995)
4445	(863, 1592)
4446	(45, 309)
4447	(1016, 2252)
4448	(1764, 2506)
4449	(1370, 2265)
4450	(92, 863)
4451	(1344, 2390)
4452	(2390, 2855)
4453	(1658, 2390)
4454	(790, 2390)
4455	(130, 2352)
4456	(331, 452)
4457	(117, 2403)
4458	(167, 2982)
4459	(655, 1851)
4460	(1837, 2265)
4461	(117, 580)
4462	(1437, 2556)
4463	(1415, 1852)
4464	(309, 2965)
4465	(30, 309)
4466	(241, 309)
4467	(126, 309)
4468	(2039, 2386)
4469	(715, 1645)
4470	(135, 257)
4471	(32, 1923)
4472	(1923, 2859)
4473	(995, 1923)
4474	(1390, 1923)
4475	(536, 997)
4476	(536, 1052)
4477	(536, 2007)
4478	(536, 2222)
4479	(168, 1085)
4480	(1499, 2832)
4481	(149, 844)
4482	(56, 2262)
4483	(276, 562)
4484	(468, 1580)
4485	(276, 1743)
4486	(663, 1651)
4487	(1304, 1450)
4488	(2160, 2352)
4489	(468, 2792)
4490	(453, 545)
4491	(2089, 2760)
4492	(2796, 2845)
4493	(1037, 2265)
4494	(916, 2352)
4495	(438, 930)
4496	(2501, 2772)
4497	(1573, 2807)
4498	(95, 1397)
4499	(2865, 2902)
4500	(1266, 1289)
4501	(276, 1090)
4502	(2155, 2265)
4503	(711, 863)
4504	(1454, 2730)
4505	(45, 1322)
4506	(843, 2352)
4507	(516, 1289)
4508	(736, 1201)
4509	(736, 884)
4510	(736, 3087)
4511	(2009, 2103)
4512	(637, 1905)
4513	(534, 1965)
4514	(241, 1818)
4515	(476, 863)
4516	(1289, 2555)
4517	(50, 468)
4518	(2447, 2902)
4519	(891, 1597)
4520	(1849, 2742)
4521	(2596, 2760)
4522	(1109, 1851)
4523	(2791, 2961)
4524	(567, 2210)
4525	(1167, 2458)
4526	(2277, 2458)
4527	(1483, 2458)
4528	(2424, 2458)
4529	(45, 2705)
4530	(549, 903)
4531	(511, 1956)
4532	(1159, 1180)
4533	(83, 1085)
4534	(657, 2458)
4535	(276, 2022)
4536	(360, 770)
4537	(1738, 2487)
4538	(1532, 1929)
4539	(2076, 2352)
4540	(615, 2147)
4541	(468, 1790)
4542	(155, 2900)
4543	(1175, 1694)
4544	(1694, 2304)
4545	(34, 1694)
4546	(1694, 2469)
4547	(382, 549)
4548	(355, 1167)
4549	(1130, 1472)
4550	(879, 1130)
4551	(1130, 1201)
4552	(0, 2240)
4553	(1128, 2538)
4554	(2449, 3102)
4555	(1793, 2265)
4556	(2352, 2657)
4557	(1851, 2184)
4558	(1148, 1899)
4559	(1594, 1863)
4560	(1863, 2969)
4561	(686, 1863)
4562	(573, 1863)
4563	(686, 1266)
4564	(1330, 1975)
4565	(304, 2630)
4566	(1716, 2630)
4567	(1062, 2630)
4568	(811, 2630)
4569	(649, 1064)
4570	(83, 2103)
4571	(1289, 1529)
4572	(108, 1241)
4573	(694, 1923)
4574	(969, 2265)
4575	(315, 1173)
4576	(45, 58)
4577	(1354, 2965)
4578	(1072, 2759)
4579	(2461, 2484)
4580	(149, 1362)
4581	(1296, 2053)
4582	(32, 1029)
4583	(340, 1031)
4584	(1322, 2965)
4585	(1322, 2454)
4586	(1322, 2699)
4587	(309, 1322)
4588	(1925, 3039)
4589	(489, 1140)
4590	(276, 1661)
4591	(1454, 2379)
4592	(1538, 3067)
4593	(2181, 2265)
4594	(103, 2518)
4595	(103, 2875)
4596	(103, 1795)
4597	(103, 2408)
4598	(1851, 3041)
4599	(567, 2535)
4600	(981, 2079)
4601	(96, 1023)
4602	(1512, 2959)
4603	(18, 1140)
4604	(8, 795)
4605	(216, 713)
4606	(1213, 2666)
4607	(468, 939)
4608	(594, 1874)
4609	(109, 1032)
4610	(1085, 1561)
4611	(1715, 2265)
4612	(2092, 2309)
4613	(1273, 2875)
4614	(1039, 1454)
4615	(32, 160)
4616	(1499, 2735)
4617	(587, 1140)
4618	(1692, 2547)
4619	(34, 2959)
4620	(963, 2259)
4621	(133, 963)
4622	(468, 963)
4623	(963, 2453)
4624	(1289, 2158)
4625	(1085, 2114)
4626	(45, 1401)
4627	(465, 2233)
4628	(863, 1269)
4629	(503, 2967)
4630	(2902, 3001)
4631	(1961, 2520)
4632	(975, 1356)
4633	(2107, 2154)
4634	(1036, 2154)
4635	(183, 2154)
4636	(2154, 2609)
4637	(276, 2193)
4638	(1016, 1809)
4639	(558, 1767)
4640	(340, 499)
4641	(555, 1569)
4642	(165, 458)
4643	(1032, 2869)
4644	(1499, 2979)
4645	(547, 2272)
4646	(442, 2982)
4647	(1137, 2181)
4648	(276, 307)
4649	(1851, 2023)
4650	(1016, 2201)
4651	(276, 1681)
4652	(1084, 2951)
4653	(1229, 1929)
4654	(887, 1060)
4655	(1929, 2317)
4656	(1243, 3059)
4657	(1243, 2051)
4658	(1243, 2081)
4659	(955, 1243)
4660	(780, 1032)
4661	(318, 691)
4662	(1263, 2668)
4663	(855, 2352)
4664	(276, 1697)
4665	(32, 275)
4666	(275, 935)
4667	(275, 397)
4668	(275, 1513)
4669	(54, 2216)
4670	(32, 2524)
4671	(987, 2385)
4672	(2040, 2947)
4673	(1049, 1641)
4674	(1366, 2352)
4675	(2620, 2722)
4676	(1749, 2347)
4677	(1749, 2493)
4678	(142, 1749)
4679	(1749, 2448)
4680	(567, 2536)
4681	(276, 2178)
4682	(1664, 2845)
4683	(303, 1032)
4684	(448, 1851)
4685	(863, 1890)
4686	(140, 2982)
4687	(2265, 2919)
4688	(588, 2518)
4689	(2040, 2104)
4690	(149, 2734)
4691	(2110, 2982)
4692	(2699, 2914)
4693	(1546, 2111)
4694	(1430, 2982)
4695	(1016, 1918)
4696	(54, 1856)
4697	(1856, 2364)
4698	(1856, 2100)
4699	(1856, 2143)
4700	(456, 863)
4701	(294, 1903)
4702	(681, 1679)
4703	(1016, 1198)
4704	(354, 2742)
4705	(962, 1843)
4706	(196, 1635)
4707	(1635, 1918)
4708	(87, 1635)
4709	(1025, 1635)
4710	(1484, 3025)
4711	(208, 2352)
4712	(567, 1887)
4713	(276, 2037)
4714	(45, 897)
4715	(2337, 2563)
4716	(742, 3017)
4717	(468, 1316)
4718	(567, 1986)
4719	(1289, 2587)
4720	(667, 763)
4721	(924, 1776)
4722	(2177, 2378)
4723	(815, 2294)
4724	(0, 2300)
4725	(408, 2233)
4726	(2518, 3043)
4727	(830, 2376)
4728	(2846, 2902)
4729	(87, 1550)
4730	(2490, 2781)
4731	(651, 2014)
4732	(1847, 2010)
4733	(2265, 2382)
4734	(2328, 2352)
4735	(302, 1219)
4736	(2747, 2817)
4737	(2265, 3010)
4738	(2316, 2845)
4739	(882, 2352)
4740	(1140, 2706)
4741	(895, 1632)
4742	(2259, 3060)
4743	(1101, 3060)
4744	(2093, 3060)
4745	(1635, 3060)
4746	(1216, 1289)
4747	(650, 2953)
4748	(1032, 2137)
4749	(362, 2809)
4750	(2352, 2398)
4751	(123, 2316)
4752	(484, 577)
4753	(1652, 2817)
4754	(1053, 1167)
4755	(966, 1053)
4756	(1053, 2593)
4757	(1053, 1656)
4758	(1603, 2044)
4759	(1171, 2906)
4760	(1866, 2669)
4761	(2186, 2902)
4762	(202, 2616)
4763	(262, 2265)
4764	(1620, 1929)
4765	(350, 1289)
4766	(1357, 2959)
4767	(1852, 2442)
4768	(565, 2352)
4769	(1318, 2059)
4770	(319, 1016)
4771	(276, 2768)
4772	(398, 2265)
4773	(1273, 2097)
4774	(190, 276)
4775	(784, 2273)
4776	(89, 2352)
4777	(1032, 2052)
4778	(443, 935)
4779	(1041, 2902)
4780	(86, 1514)
4781	(1938, 2902)
4782	(360, 1335)
4783	(901, 2352)
4784	(370, 2113)
4785	(277, 3054)
4786	(755, 1289)
4787	(631, 821)
4788	(468, 1160)
4789	(320, 468)
4790	(145, 468)
4791	(1016, 1185)
4792	(1636, 2352)
4793	(1140, 2125)
4794	(1318, 2782)
4795	(1032, 1295)
4796	(813, 1802)
4797	(1940, 2433)
4798	(636, 2500)
4799	(964, 2574)
4800	(955, 1952)
4801	(126, 298)
4802	(2349, 2352)
4803	(528, 1703)
4804	(1183, 1462)
4805	(1702, 2655)
4806	(41, 1032)
4807	(2352, 2571)
4808	(1026, 2959)
4809	(1558, 1710)
4810	(1128, 1663)
4811	(2312, 2790)
4812	(171, 1380)
4813	(1392, 2253)
4814	(450, 1629)
4815	(722, 2803)
4816	(1044, 1922)
4817	(486, 1922)
4818	(1026, 1922)
4819	(600, 1922)
4820	(2164, 2265)
4821	(863, 2811)
4822	(1728, 2352)
4823	(414, 861)
4824	(345, 2902)
4825	(1530, 1769)
4826	(276, 2522)
4827	(1614, 2416)
4828	(554, 1266)
4829	(2902, 3051)
4830	(567, 1559)
4831	(1526, 2032)
4832	(276, 624)
4833	(1032, 2827)
4834	(665, 2025)
4835	(363, 468)
4836	(704, 2618)
4837	(1032, 2031)
4838	(139, 2982)
4839	(188, 2467)
4840	(1032, 2929)
4841	(146, 2786)
4842	(88, 528)
4843	(412, 612)
4844	(2016, 2671)
4845	(331, 2671)
4846	(859, 2671)
4847	(2671, 2801)
4848	(537, 2612)
4849	(254, 1281)
4850	(37, 1016)
4851	(1606, 2807)
4852	(468, 1387)
4853	(1204, 2631)
4854	(0, 1990)
4855	(19, 543)
4856	(1001, 2963)
4857	(1320, 2030)
4858	(111, 1641)
4859	(1442, 1731)
4860	(2715, 2728)
4861	(1857, 2707)
4862	(2119, 2371)
4863	(866, 1363)
4864	(2772, 3066)
4865	(1679, 2658)
4866	(544, 2902)
4867	(1560, 2699)
4868	(599, 873)
4869	(256, 2146)
4870	(114, 2760)
4871	(259, 2265)
4872	(468, 2468)
4873	(1876, 3061)
4874	(32, 1571)
4875	(141, 2959)
4876	(537, 1927)
4877	(1324, 2817)
4878	(1074, 2807)
4879	(184, 2786)
4880	(1508, 2902)
4881	(1208, 1289)
4882	(276, 2027)
4883	(951, 2086)
4884	(1717, 2982)
4885	(1290, 2029)
4886	(1855, 2964)
4887	(2265, 3081)
4888	(181, 1941)
4889	(1243, 2179)
4890	(399, 1243)
4891	(974, 1243)
4892	(1762, 1782)
4893	(1782, 3002)
4894	(1782, 2387)
4895	(1679, 2460)
4896	(45, 1752)
4897	(1128, 1711)
4898	(919, 2508)
4899	(276, 863)
4900	(1679, 2143)
4901	(1274, 2241)
4902	(276, 1115)
4903	(1289, 1506)
4904	(282, 1941)
4905	(239, 315)
4906	(276, 1818)
4907	(863, 1744)
4908	(1447, 1564)
4909	(863, 1048)
4910	(241, 693)
4911	(1402, 2352)
4912	(346, 2086)
4913	(1851, 2181)
4914	(23, 2298)
4915	(754, 951)
4916	(45, 118)
4917	(2409, 2791)
4918	(566, 1782)
4919	(566, 1844)
4920	(566, 1777)
4921	(566, 598)
4922	(1929, 2463)
4923	(1264, 2786)
4924	(866, 1406)
4925	(616, 2304)
4926	(76, 2411)
4927	(2411, 2691)
4928	(2411, 2804)
4929	(941, 2556)
4930	(616, 3061)
4931	(1648, 2900)
4932	(2982, 3020)
4933	(1473, 2502)
4934	(1967, 2502)
4935	(1183, 2502)
4936	(2502, 2940)
4937	(2337, 2845)
4938	(1929, 2819)
4939	(865, 2713)
4940	(1506, 2982)
4941	(1785, 2075)
4942	(715, 1785)
4943	(162, 1785)
4944	(32, 2040)
4945	(203, 1846)
4946	(1182, 1846)
4947	(1846, 2858)
4948	(1252, 1846)
4949	(1694, 1738)
4950	(1434, 1486)
4951	(2749, 2965)
4952	(1497, 2749)
4953	(1553, 2749)
4954	(231, 2749)
4955	(951, 1140)
4956	(276, 2354)
4957	(1893, 2786)
4958	(2656, 2762)
4959	(1991, 2352)
4960	(2115, 2265)
4961	(1118, 2631)
4962	(1118, 2397)
4963	(1118, 2930)
4964	(1550, 1593)
4965	(400, 2959)
4966	(2699, 2817)
4967	(205, 1851)
4968	(1318, 2845)
4969	(433, 2965)
4970	(418, 433)
4971	(433, 2258)
4972	(433, 644)
4973	(856, 2236)
4974	(863, 1647)
4975	(1854, 2265)
4976	(315, 2036)
4977	(1959, 2352)
4978	(1465, 2246)
4979	(2149, 2401)
4980	(836, 1550)
4981	(2791, 3052)
4982	(872, 2167)
4983	(555, 1684)
4984	(1294, 1684)
4985	(383, 1684)
4986	(1502, 1929)
4987	(1738, 2323)
4988	(373, 2265)
4989	(203, 1329)
4990	(1329, 2658)
4991	(1329, 2847)
4992	(1329, 1778)
4993	(1827, 2836)
4994	(160, 2836)
4995	(21, 2836)
4996	(1151, 2323)
4997	(0, 1360)
4998	(2598, 2845)
4999	(430, 662)
5000	(204, 315)
5001	(1006, 1454)
5002	(1167, 1639)
5003	(1639, 3095)
5004	(1639, 2544)
5005	(1639, 1987)
5006	(643, 2352)
5007	(579, 1661)
5008	(1032, 2656)
5009	(756, 2265)
5010	(570, 2239)
5011	(1044, 2239)
5012	(1787, 2239)
5013	(2171, 2982)
5014	(1014, 1486)
5015	(183, 892)
5016	(1289, 1474)
5017	(1739, 2265)
5018	(2818, 2965)
5019	(910, 2818)
5020	(377, 2818)
5021	(809, 2818)
5022	(936, 2965)
5023	(936, 1497)
5024	(116, 936)
5025	(927, 936)
5026	(616, 1426)
5027	(393, 2871)
5028	(616, 1852)
5029	(468, 1677)
5030	(664, 2902)
5031	(1420, 2265)
5032	(248, 631)
5033	(631, 2360)
5034	(631, 1497)
5035	(631, 1654)
5036	(352, 431)
5037	(1693, 2265)
5038	(166, 2045)
5039	(166, 1498)
5040	(166, 2003)
5041	(166, 2933)
5042	(1277, 1851)
5043	(558, 1394)
5044	(384, 2982)
5045	(1694, 1832)
5046	(2244, 2265)
5047	(1961, 2069)
5048	(1032, 1085)
5049	(468, 1996)
5050	(362, 1415)
5051	(277, 992)
5052	(580, 851)
5053	(1852, 2966)
5054	(2213, 2902)
5055	(80, 468)
5056	(863, 1385)
5057	(872, 1579)
5058	(938, 1434)
5059	(468, 1869)
5060	(197, 2518)
5061	(1289, 2298)
5062	(842, 2265)
5063	(1202, 2265)
5064	(249, 1454)
5065	(919, 2205)
5066	(1638, 2302)
5067	(1777, 2302)
5068	(1677, 2302)
5069	(484, 2010)
5070	(431, 776)
5071	(987, 1127)
5072	(1342, 2859)
5073	(1071, 1437)
5074	(637, 2103)
5075	(219, 2265)
5076	(2332, 2958)
5077	(1965, 2821)
5078	(150, 2420)
5079	(1034, 1603)
5080	(45, 2018)
5081	(1683, 2404)
5082	(1391, 2404)
5083	(2404, 2622)
5084	(722, 1579)
5085	(634, 2265)
5086	(1832, 3085)
5087	(36, 2786)
5088	(1109, 2265)
5089	(863, 1259)
5090	(549, 1183)
5091	(1412, 1941)
5092	(1679, 2537)
5093	(1874, 2537)
5094	(1954, 2537)
5095	(1016, 2108)
5096	(2265, 2622)
5097	(549, 2575)
5098	(1314, 2791)
5099	(2265, 2455)
5100	(271, 2265)
5101	(2965, 3057)
5102	(1495, 3057)
5103	(196, 3057)
5104	(1450, 3057)
5105	(1896, 2265)
5106	(19, 2713)
5107	(241, 276)
5108	(1851, 2994)
5109	(636, 2259)
5110	(476, 1941)
5111	(1643, 1941)
5112	(762, 1266)
5113	(23, 2171)
5114	(99, 549)
5115	(2265, 2483)
5116	(1851, 2693)
5117	(468, 2769)
5118	(322, 1941)
5119	(2152, 2220)
5120	(1929, 2401)
5121	(468, 1544)
5122	(1334, 2275)
5123	(32, 2845)
5124	(1679, 2033)
5125	(2185, 2265)
5126	(567, 2530)
5127	(872, 2656)
5128	(2265, 2893)
5129	(117, 1007)
5130	(2352, 2685)
5131	(431, 2716)
5132	(32, 617)
5133	(617, 1961)
5134	(617, 2909)
5135	(617, 726)
5136	(1351, 2265)
5137	(2042, 2807)
5138	(73, 2265)
5139	(2061, 2887)
5140	(1603, 2061)
5141	(485, 2061)
5142	(1095, 2061)
5143	(1715, 1851)
5144	(1861, 2010)
5145	(105, 2265)
5146	(0, 2742)
5147	(1289, 2791)
5148	(939, 2965)
5149	(566, 939)
5150	(939, 1783)
5151	(48, 939)
5152	(78, 321)
5153	(32, 2484)
5154	(1735, 1919)
5155	(1289, 2429)
5156	(872, 1427)
5157	(1696, 2265)
5158	(1851, 2919)
5159	(1761, 2401)
5160	(468, 2667)
5161	(38, 1543)
5162	(276, 3036)
5163	(1851, 3032)
5164	(2265, 2394)
5165	(998, 2965)
5166	(998, 2696)
5167	(677, 998)
5168	(998, 2247)
5169	(117, 2624)
5170	(45, 2414)
5171	(616, 2913)
5172	(1450, 2029)
5173	(1266, 2352)
5174	(254, 616)
5175	(276, 331)
5176	(428, 468)
5177	(2623, 2786)
5178	(711, 2560)
5179	(137, 2042)
5180	(538, 2265)
5181	(45, 2553)
5182	(45, 2667)
5183	(1450, 3102)
5184	(403, 2265)
5185	(732, 2760)
5186	(2265, 3097)
5187	(1947, 2085)
5188	(753, 809)
5189	(197, 2200)
5190	(737, 1289)
5191	(95, 1027)
5192	(469, 851)
5193	(1143, 1564)
5194	(2549, 2867)
5195	(275, 2277)
5196	(275, 2945)
5197	(54, 275)
5198	(2965, 3021)
5199	(2997, 3021)
5200	(894, 3021)
5201	(1452, 3021)
5202	(231, 1942)
5203	(785, 1289)
5204	(777, 1782)
5205	(616, 1974)
5206	(340, 1679)
5207	(244, 2562)
5208	(468, 1401)
5209	(2265, 3064)
5210	(2965, 3070)
5211	(166, 3070)
5212	(1725, 3070)
5213	(1092, 3070)
5214	(1744, 2791)
5215	(171, 1579)
5216	(32, 1473)
