0	13941337
1	10292316
2	01240210
3	02507736
4	02374914
5	01089483
6	00192836
7	05432736
8	01224001
9	00874067
10	09424489
11	00602805
12	00555138
13	06766190
14	06470073
15	00767826
16	07985223
17	02851001
18	02284803
19	01198307
20	01291069
21	07037465
22	00239230
23	00002684
24	07494363
25	13278375
26	01627355
27	01247647
28	04628192
29	02729023
30	07323922
31	02286687
32	00849982
33	14379829
34	02103481
35	02697950
36	01285440
37	00912960
38	00729109
39	07151892
40	07212190
41	00360143
42	01704953
43	06773434
44	01131043
45	00933154
46	04829282
47	05290756
48	09878275
49	13961642
50	07201365
51	01511380
52	01922763
53	07447261
54	01735308
55	00390215
56	06691442
57	05485314
58	15142167
59	09379111
60	10150794
61	02842445
62	05109808
63	00900581
64	02735418
65	00879759
66	10126177
67	09681351
68	05593654
69	05293773
70	05951566
71	02578235
72	02348324
73	05864177
74	05194578
75	02589013
76	00252990
77	05461816
78	05475878
79	00096343
80	00522751
81	04599396
82	00799383
83	00612160
84	00648977
85	01282014
86	09612848
87	00186616
88	05293597
89	01806505
90	07150644
91	10372373
92	05827253
93	00704388
94	13931145
95	01548193
96	05593476
97	01662771
98	09762821
99	09976429
100	10756433
101	13986679
102	10731244
103	08103777
104	02554647
105	10423589
106	04669247
107	00119524
108	03110322
109	10209082
110	01368192
111	13872421
112	01194938
113	07988857
114	02589576
115	06428646
116	05138488
117	05387395
118	05550330
119	02064745
120	02245993
121	05593871
122	05601198
123	00723056
124	00224901
125	02051031
126	01635176
127	09777353
128	00643250
129	02201644
130	00813044
131	05320362
132	07050619
133	00002452
134	01818235
135	10058411
136	02489748
137	10677271
138	00002573
139	05379734
140	00023271
141	10025730
142	01139194
143	01633343
144	00001930
145	01040707
146	09610660
147	05107765
148	00644583
149	05285275
150	02537960
151	00975902
152	02161432
153	01812324
154	01816431
155	05194043
156	13742358
157	09771664
158	01881696
159	05517578
160	02170427
161	08441203
162	02037272
163	00903385
164	09257949
165	01209953
166	02199590
167	01229938
168	05344848
169	09615807
170	13455487
171	02108026
172	15266911
173	06259898
174	02678438
175	05888929
176	00654885
177	00727573
178	00094240
179	05901508
180	10240082
181	13989627
182	03954731
183	00728975
184	02472293
185	05654362
186	10741821
187	02130160
188	00752144
189	10476086
190	02700104
191	00503164
192	00467451
193	00482893
194	06128570
195	01743217
196	01395617
197	08231184
198	04761212
199	01458302
200	01797204
201	00376063
202	04693384
203	01621555
204	01046932
205	00991838
206	06684383
207	01310660
208	10482220
209	00712708
210	07319909
211	00396703
212	10592397
213	13440063
214	06757057
215	05343718
216	05838765
217	07121157
218	05051896
219	13089631
220	05280831
221	07492655
222	06757891
223	01053207
224	01375637
225	00002325
226	05596004
227	04759849
228	07515560
229	00685638
230	10681194
231	02012344
232	09862345
233	02556126
234	01086081
235	05585383
236	05301392
237	05315095
238	01074694
239	14317720
240	02586121
241	00164345
242	03074922
243	00830761
244	00142191
245	10020031
246	01094725
247	05544906
248	05314919
249	00364479
250	13860793
251	04733640
252	01348530
253	01105259
254	00403783
255	13095685
256	13575869
257	01133876
258	01340439
259	05810948
260	00043765
261	00906367
262	08081668
263	08462320
264	06398401
265	00695226
266	00877127
267	07537068
268	02128286
269	05340599
270	14548343
271	05426989
272	03081021
273	00172710
274	01230965
275	01082606
276	02504131
277	13810323
278	10335931
279	05154908
280	00034213
281	02306462
282	02450505
283	03365592
284	14322699
285	13864153
286	00101779
287	01261712
288	07293180
289	14418395
290	01435380
291	02942769
292	00699815
293	00666510
294	05280365
295	01178565
296	05755156
297	01215392
298	09769929
299	06643408
300	01990694
301	01151407
302	03091374
303	07291794
304	00004475
305	01156834
306	02514825
307	01685313
308	00042541
309	02895606
310	07151380
311	00226618
312	00955060
313	02646757
314	01032840
315	01934205
316	01108148
317	01135952
318	01855606
319	06392935
320	01156112
321	01549187
322	00879356
323	10609092
324	02715229
325	02005756
326	07160116
327	04877421
328	00859153
329	05941210
330	06628861
331	13572436
332	06749881
333	05436080
334	01412346
335	00927049
336	00651991
337	00713818
338	00026192
339	00925873
340	02600948
341	00788821
342	00582388
343	02123903
344	02620587
345	00745005
346	08008335
347	05763916
348	01010118
349	01796800
350	07313636
351	04835724
352	10776339
353	13086908
354	02676054
355	10068804
356	05738625
357	00024720
358	01650610
359	02128066
360	09837824
361	00916464
362	10251779
363	00701040
364	00933821
365	02144644
366	02157399
367	05556204
368	02335828
369	02756098
370	01215168
371	08164585
372	08060446
373	06762380
374	03281145
375	01686439
376	05462315
377	05510173
378	07493280
379	01322509
380	05230357
381	06057539
382	07553964
383	14298815
384	13331778
385	07951464
386	09802050
387	05752544
388	08053576
389	13911151
390	06770275
391	00136991
392	11567411
393	10555679
394	02560767
395	01136519
396	01996377
397	01992503
398	10431625
399	01127795
400	00849332
401	00907930
402	05529286
403	02649830
404	00706975
405	01128193
406	01762283
407	00876874
408	05237227
409	01148283
410	00488770
411	01820302
412	00956131
413	09803429
414	00722232
415	01631830
416	00006484
417	10138767
418	06744000
419	01813499
420	02550460
421	00932088
422	01309991
423	05986948
424	02304982
425	04731497
426	01631534
427	05536370
428	00069295
429	01146576
430	03892891
431	07232421
432	02704349
433	00806314
434	00838043
435	06605897
436	03377582
437	10373801
438	00071178
439	00712135
440	02530861
441	10745894
442	01022008
443	00652346
444	13247554
445	02626604
446	02036578
447	07553301
448	06593099
449	00976365
450	06763681
451	05675130
452	05542539
453	10670310
454	07480896
455	02428487
456	01138670
457	05337055
458	00198451
459	00359238
460	02539788
461	00610373
462	01039140
463	00875394
464	01231252
465	00927017
466	08621598
467	01220636
468	14061462
469	01548718
470	14311348
471	02258291
472	00610010
473	05736149
474	05753564
475	00913065
476	09786922
477	05476256
478	06384708
479	09764201
480	04792357
481	06078327
482	01030820
483	01777817
484	05217168
485	06547059
486	01872877
487	07514968
488	07052291
489	05576194
490	03257343
491	02231661
492	01531375
493	06727616
494	02323286
495	00893955
496	00911562
497	01802219
498	02203362
499	01323449
500	05758059
501	01167146
502	02585050
503	01127245
504	00645415
505	07203126
506	00673766
507	05765415
508	00378985
509	00611256
510	05584928
511	00802318
512	04007894
513	05804491
514	07417043
515	13555446
516	07521674
517	00043411
518	00744758
519	09442838
520	05544725
521	07500741
522	01345109
523	05485554
524	02471762
525	01708676
526	07536074
527	04840011
528	15274074
529	02749778
530	01979241
531	00019613
532	00607775
533	03540267
534	05732756
535	02386012
536	05591256
537	06740644
538	00663353
539	05220461
540	10165448
541	06742426
542	05577741
543	00583239
544	07480068
545	07423001
546	01101913
547	05543177
548	00004227
549	00635205
550	05603160
551	09781504
552	01070777
553	03882611
554	01667132
555	05989479
556	02031158
557	00426581
558	00955148
559	05329215
560	02506546
561	00782527
562	01346804
563	00280586
564	07357101
565	05314075
566	06226057
567	02137538
568	00294884
569	05534333
570	05633385
571	01906322
572	00506299
573	05418717
574	00003356
575	13550318
576	01363648
577	00789906
578	00354884
579	06722453
580	06763273
581	01635056
582	00114095
583	10301261
584	01813884
585	13989051
586	02383831
587	01955508
588	00248659
589	00715074
590	05325378
591	00583461
592	01097292
593	04836683
594	01194483
595	00586262
596	05319936
597	05602132
598	00939277
599	04151940
600	05919866
601	04424418
602	05479314
603	02343595
604	01213886
605	00121366
606	02414710
607	02733187
608	05190804
609	00896803
610	01871979
611	10401639
612	00045907
613	02578510
614	00827730
615	01207951
616	02081178
617	00597915
618	00002137
619	01762528
620	00759551
621	07159791
622	05296775
623	01284271
624	01074498
625	00402130
626	13954253
627	10227985
628	02349212
629	02426171
630	00715239
631	05581693
632	05367735
633	10418101
634	01993926
635	05967977
636	05289297
637	05770664
638	00698855
639	14051917
640	01350449
641	05470189
642	10351874
643	05316175
644	06598915
645	05269901
646	14287113
647	00853776
648	13969243
649	03005920
650	01632411
651	00151497
652	02469274
653	01105639
654	00710005
655	00101609
656	00608502
657	01981699
658	06671484
659	10205985
660	00199707
661	04806804
662	02290029
663	05398609
664	01012073
665	10401829
666	00905399
667	01292885
668	00916909
669	08058098
670	05340795
671	05604535
672	05324553
673	08060193
674	02260770
675	01462468
676	09887034
677	01463963
678	02598211
679	00404642
680	00140652
681	05764197
682	05825245
683	09304750
684	00953559
685	01184814
686	00886978
687	03839993
688	00394813
689	05546383
690	05701363
691	05143690
692	10466198
693	03278248
694	02428924
695	07311115
696	13962166
697	05511286
698	01211098
699	02219940
700	00113113
701	05547396
702	05303402
703	00342980
704	05928513
705	05541231
706	07042735
707	01024190
708	05539138
709	00433778
710	02519555
711	04016240
712	03045074
713	01206553
714	00904046
715	13872211
716	00803617
717	01555742
718	13971561
719	01948573
720	02619924
721	00201671
722	05299178
723	00548802
724	05300231
725	02242464
726	13253255
727	01001689
728	02713097
729	09631463
730	00431826
731	01212572
732	05147940
733	07140978
734	15055633
735	05549830
736	00691312
737	05540513
738	00171852
739	00352558
740	06598445
741	03699975
742	05534174
743	02603699
744	05598147
745	04922113
746	05395098
747	05779371
748	07126734
749	08550076
750	05472032
751	02499629
752	05473928
753	02952275
754	00784533
755	00880662
756	04933544
757	00008055
758	04829550
759	02735688
760	13988663
761	02154508
762	06400510
763	10001058
764	05329735
765	01634142
766	01516071
767	00428270
768	01256417
769	06252138
770	02500619
771	01127379
772	00931453
773	01653873
774	05124057
775	10509605
776	02735897
777	09882007
778	01947266
779	02782815
780	00874806
781	00588998
782	05468849
783	00831191
784	08482271
785	04677514
786	00238527
787	13549672
788	00770270
789	05714161
790	05317960
791	04867130
792	07538965
793	01476483
794	01030832
795	10592595
796	06000400
797	13780719
798	01996574
799	02451370
800	00642098
801	00041899
802	01190948
803	01090335
804	00773402
805	01590171
806	01478002
807	01207609
808	00781000
809	01149494
810	01468058
811	05329533
812	05287882
813	01123148
814	09984659
815	01059123
816	09831962
817	09623038
818	00895304
819	02318464
820	05544078
821	09802239
822	02553697
823	01825671
824	01319874
825	00728849
826	05532225
827	02154312
828	03211789
829	00079018
830	03526198
831	01131473
832	01215902
833	06206800
834	00022686
835	00661824
836	00241038
837	01101329
838	10724699
839	00805034
840	00079398
841	00721437
842	00030358
843	01489465
844	01222360
845	01001294
846	07452348
847	01180695
848	09222051
849	01034925
850	10077593
851	01754737
852	05199869
853	05570129
854	04631298
855	01644522
856	00548173
857	13777344
858	00523513
859	07423365
860	06200344
861	07366289
862	10721470
863	00822367
864	04081844
865	01950798
866	01172889
867	04160372
868	05670710
869	01052853
870	01684337
871	04208210
872	00003553
873	05574151
874	02378623
875	05556325
876	00774107
877	04176528
878	13955461
879	01282545
880	06687701
881	05546540
882	05331653
883	04526241
884	00205885
885	09997404
886	05296639
887	01069391
888	00893741
889	00618682
890	09927451
891	02656763
892	02766534
893	02548710
894	00004605
895	01339505
896	02440244
897	02853449
898	08435388
899	15113229
900	00668099
901	00238022
902	01835496
903	01237167
904	06740402
905	02635659
906	02128653
907	02202384
908	02621853
909	05682950
910	10708292
911	02450256
912	02238085
913	02108377
914	08208016
915	05395690
916	02620724
917	01111016
918	10102800
919	00684480
920	00381680
921	06671637
922	00763901
923	01796582
924	07285403
925	06004067
926	11415084
927	05544575
928	02760116
929	10660333
930	01767949
931	02150948
932	05320899
933	00764902
934	14866889
935	05311054
936	03109399
937	02112029
938	00093483
939	00121865
940	07176682
941	01771390
942	02419073
943	05538625
944	13470491
945	10212780
946	02655135
947	05268965
948	02247977
949	01029852
950	00638585
951	00411020
952	02251743
953	05465868
954	10308504
955	00802946
956	02410855
957	01712704
958	04485226
959	05435277
960	01042531
961	10053808
962	00990812
963	07544647
964	05481095
965	10336234
966	06063588
967	08648322
968	00205891
969	00900070
970	10080869
971	01970646
972	02991302
973	05032565
974	04999741
975	01559055
976	13282161
977	01921964
978	05301072
979	05473104
980	00920125
981	00972621
982	05804793
983	14451349
984	01751545
985	02707429
986	00630026
987	00896497
988	04060647
989	05822746
990	00121046
991	05565696
992	01076615
993	04898437
994	05590366
995	00033615
996	08660339
997	01724459
998	13791389
999	08419163
1000	03180969
1001	02630189
1002	00094001
1003	00272878
1004	01093172
1005	05318606
1006	01642924
1007	10563826
1008	01066542
1009	05849040
1010	01686132
1011	02501278
1012	07414740
1013	10605985
1014	00938247
1015	11452218
1016	00045250
1017	00067999
1018	00240131
1019	10578762
1020	10768585
1021	00048374
1022	00820976
1023	01366718
1024	00152887
1025	00570590
1026	02274299
1027	07138085
1028	00044455
1029	15267536
1030	05284333
1031	02352019
1032	05281189
1033	07531255
1034	05282000
1035	11665372
1036	00510050
1037	00965035
1038	13558696
1039	08310389
1040	06037666
1041	04250026
1042	05327134
1043	00590518
1044	10161178
1045	09815790
1046	02563860
1047	07175241
1048	00604811
1049	08510666
1050	05474346
1051	13279262
1052	00924431
1053	01321230
1054	01734300
1055	02110220
1056	01644746
1057	02702674
1058	15291199
1059	14000403
1060	09784443
1061	00771961
1062	00131426
1063	00907657
1064	10256537
1065	08106934
1066	05567217
1067	02106006
1068	00875246
1069	01519977
1070	09608709
1071	02573275
1072	07212424
1073	04906273
1074	00593732
1075	02645007
1076	02570062
1077	00887463
1078	01145359
1079	00479391
1080	02051694
1081	01641751
1082	00893435
1083	01557774
1084	01898129
1085	07950920
1086	01702514
1087	09906538
1088	00019792
1089	09621545
1090	06798750
1091	04905188
1092	04850589
1093	02614181
1094	00748282
1095	02207206
1096	02107588
1097	01384439
1098	01544692
1099	00483146
1100	05459953
1101	03879854
1102	00296178
1103	05538016
1104	01802494
1105	10716005
1106	07450842
1107	00892467
1108	00165178
1109	10694258
1110	00626800
1111	01191838
1112	05540121
1113	00964569
1114	05578442
1115	05849789
1116	10296832
1117	00562398
1118	00730052
1119	10399130
1120	05342214
1121	07522128
1122	02391803
1123	05474976
1124	00050195
1125	08664443
1126	03536348
1127	02622234
1128	00940384
1129	05397468
1130	14446161
1131	05549061
1132	02678384
1133	01753788
1134	09885145
1135	04833276
1136	13981403
1137	04662951
1138	00429968
1139	05830059
1140	05239808
1141	03303965
1142	01666717
1143	03779370
1144	02309341
1145	00676450
1146	05547508
1147	09901642
1148	14403282
1149	09764900
1150	00211110
1151	07339329
1152	08108627
1153	14562960
1154	03398467
1155	00599992
1156	00532607
1157	02687385
1158	13945102
1159	00029378
1160	01115162
1161	10407726
1162	08629508
1163	02298160
1164	10363913
1165	08420278
1166	02387034
1167	09771435
1168	14491271
1169	00237869
1170	10487182
1171	00703512
1172	02554922
1173	05280998
1174	00430370
1175	05837957
1176	07747455
1177	08572467
1178	13913566
1179	06080522
1180	03122748
1181	01121690
1182	06686736
1183	05395548
1184	14419164
1185	01130169
1186	00973077
1187	05500594
1188	05546040
1189	00161243
1190	10789963
1191	05590740
1192	04876985
1193	07355887
1194	00882948
1195	02458103
1196	02666239
1197	05383467
1198	01797347
1199	04637923
1200	00062806
1201	00528990
1202	00031264
1203	10692883
1204	02747667
1205	03996416
1206	00909573
1207	02425913
1208	00609953
1209	00385791
1210	09880427
1211	02500902
1212	03563967
1213	01191755
1214	02072849
1215	05455690
1216	04254777
1217	00680841
1218	00046522
1219	06472025
1220	00163592
1221	01015244
1222	06601327
1223	10309896
1224	01760944
1225	01246579
1226	07528470
1227	00849523
1228	00896141
1229	04616059
1230	00516086
1231	00908909
1232	00318035
1233	00952524
1234	02796623
1235	05344514
1236	00230746
1237	01439190
1238	01364008
1239	10490699
1240	01261490
1241	02111684
1242	01150938
1243	05588551
1244	07496463
1245	00908351
1246	01090446
1247	05373790
1248	07357388
1249	01440801
1250	07495327
1251	14842091
1252	06045562
1253	00837288
1254	05433496
1255	00660571
1256	01880531
1257	00249780
1258	01981036
1259	05501711
1260	02354287
1261	00550282
1262	00027705
1263	01369758
1264	13743605
1265	00634906
1266	02661252
1267	04076846
1268	02143539
1269	00112312
1270	00147187
1271	02787772
1272	01072780
1273	00826509
1274	02660147
1275	13457378
1276	00868799
1277	01844431
1278	03597469
1279	01640550
1280	13970236
1281	06741305
1282	01113068
1283	06693198
1284	00284798
1285	01226240
1286	02166460
1287	05614476
1288	10549510
1289	00261029
1290	00987071
1291	07941170
1292	01182709
1293	10261041
1294	02667900
1295	05328867
1296	05831939
1297	07956887
1298	01333082
1299	03748886
1300	02408965
1301	00148978
1302	05597594
1303	04734885
1304	00607780
1305	02642814
1306	02669081
1307	01051331
1308	00608808
1309	14778436
1310	06782680
1311	00600724
1312	07342049
1313	00406963
1314	09206985
1315	00020827
1316	02395782
1317	00279835
1318	07006951
1319	05274590
1320	04723816
1321	02657219
1322	02549581
1323	10012989
1324	13896369
1325	01478423
1326	02376958
1327	02117333
1328	02469914
1329	00988028
1330	02426395
1331	00928630
1332	08401554
1333	01021420
1334	04831727
1335	00055539
1336	05294606
1337	05469032
1338	05276860
1339	09617867
1340	06362953
1341	06724763
1342	09465459
1343	02469835
1344	05572940
1345	03017922
1346	10524973
1347	00407535
1348	02806907
1349	02107248
1350	01722447
1351	00140900
1352	06648207
1353	01085098
1354	01873942
1355	06764244
1356	01970826
1357	05806623
1358	01738774
1359	00066191
1360	01026262
1361	05785508
1362	05529159
1363	02137907
1364	02584915
1365	00660971
1366	00964343
1367	07535670
1368	00141806
1369	07993929
1370	06740919
1371	05500992
1372	02947212
1373	00754118
1374	00815686
1375	00700708
1376	00119074
1377	00339464
1378	13932421
1379	06158346
1380	00495998
1381	04812268
1382	06282651
1383	08111157
1384	14437552
1385	00768062
1386	05828102
1387	00628491
1388	02379528
1389	05154676
1390	05570839
1391	00240293
1392	11412727
1393	01116968
1394	07553741
1395	01070102
1396	05262185
1397	04673965
1398	01507134
1399	00760402
1400	08107499
1401	01008378
1402	09882716
1403	00740053
1404	05279688
1405	00690614
1406	07160883
1407	10332385
1408	03600977
1409	01380638
1410	05566504
1411	01494310
1412	00205046
1413	05786184
1414	00125841
1415	05917477
1416	01275562
1417	00976653
1418	00429060
1419	01104637
1420	10614363
1421	05551711
1422	10066732
1423	10706812
1424	00991151
1425	10214230
1426	10425946
1427	10786033
1428	08368907
1429	02468793
1430	07270179
1431	02220461
1432	00971650
1433	00734054
1434	03384535
1435	00332835
1436	01011725
1437	05502090
1438	05807306
1439	07162680
1440	01014731
1441	02073714
1442	04016576
1443	05923983
1444	00560893
1445	09631129
1446	07452699
1447	00635850
1448	00674607
1449	05455912
1450	00199309
1451	13285176
1452	01249315
1453	01127623
1454	00250259
1455	05551318
1456	05271814
1457	14412882
1458	01131197
1459	00064095
1460	13954818
1461	07252206
1462	05916739
1463	10412055
1464	00156812
1465	04713428
1466	01072236
1467	02130524
1468	01045419
1469	02055062
1470	05535484
1471	05593017
1472	00918312
1473	01372049
1474	05563770
1475	01032040
1476	04341686
1477	08252211
1478	02285629
1479	05296253
1480	00829761
1481	01091905
1482	10583250
1483	10429965
1484	13968547
1485	05765159
1486	10740219
1487	02230056
1488	02406916
1489	01808769
1490	01069125
1491	00703875
1492	00694068
1493	14864360
1494	01261974
1495	01195867
1496	01820901
1497	15180528
1498	10369528
1499	01012360
1500	01804961
1501	03055809
1502	06773976
1503	01867502
1504	00066025
1505	07492516
1506	04377057
1507	06782019
1508	05542052
1509	04871720
1510	02542795
1511	04623113
1512	07138915
1513	02157100
1514	04879092
1515	13381145
1516	02167052
1517	00554850
1518	05755883
1519	00726300
1520	07450651
1521	05540407
1522	00115157
1523	05563034
1524	00917772
1525	14411981
1526	00065070
1527	03674440
1528	02500884
1529	04852088
1530	00954608
1531	00147454
1532	05705184
1533	00999815
1534	13989280
1535	09774783
1536	04850117
1537	05614175
1538	02460502
1539	00719734
1540	01548694
1541	00952963
1542	01647229
1543	07359599
1544	05537576
1545	08673395
1546	05261404
1547	05345581
1548	02387486
1549	00359903
1550	00770437
1551	01549291
1552	07202579
1553	05385161
1554	00833702
1555	09624559
1556	14023997
1557	14485526
1558	01762839
1559	05562249
1560	00334996
1561	05539595
1562	01636397
1563	02447542
1564	03485997
1565	04792127
1566	07247071
1567	01023820
1568	00336922
1569	00061598
1570	10421956
1571	09773962
1572	01281611
1573	00797697
1574	01202904
1575	05784242
1576	11458624
1577	14445379
1578	01284908
1579	00947077
1580	07997703
1581	07096661
1582	07150850
1583	00844254
1584	02515214
1585	02608823
1586	00351638
1587	06252743
1588	02743261
1589	13576982
1590	04826235
1591	08434259
1592	00151689
1593	05555917
1594	02157557
1595	09801864
1596	00981276
1597	00360932
1598	05541645
1599	09608002
1600	02260085
1601	06681551
1602	00171590
1603	02610628
1604	13085864
1605	05907682
1606	00902424
1607	13844212
1608	13570574
1609	05996646
1610	00778275
1611	09678009
1612	00706243
1613	05560244
1614	01092366
1615	01685601
1616	00803325
1617	09792237
1618	00019448
1619	01209220
1620	10595647
1621	00037396
1622	00604576
1623	03269401
1624	05578251
1625	00053913
1626	02176268
1627	04630689
1628	00532892
1629	00756331
1630	10285762
1631	02513740
1632	00207418
1633	06000644
1634	01158872
1635	01214171
1636	01770501
1637	00380083
1638	00907147
1639	00227507
1640	02634265
1641	01787955
1642	01641632
1643	05718935
1644	02598143
1645	05544432
1646	00471613
1647	05423779
1648	02444662
1649	01321002
1650	10365514
1651	10522759
1652	00932624
1653	06694540
1654	01765392
1655	09985279
1656	00031921
1657	00941974
1658	13956488
1659	00197772
1660	00157081
1661	13928388
1662	01048939
1663	00411009
1664	01776214
1665	09614315
1666	00095121
1667	00426928
1668	01241331
1669	05651680
1670	05734559
1671	02547586
1672	05704096
1673	01886756
1674	05333777
1675	07992450
1676	06346681
1677	01221790
1678	02373015
1679	07528212
1680	00835294
1681	07051975
1682	09505153
1683	06732710
1684	01322675
1685	05473735
1686	01932973
1687	05332569
1688	00854000
1689	00629738
1690	01955127
1691	09630641
1692	05868477
1693	15145171
1694	10752093
1695	01226215
1696	02143283
1697	02343374
1698	00252019
1699	09179776
1700	10637635
1701	01423285
1702	05304932
1703	03161725
1704	02257767
1705	10214637
1706	00729108
1707	06153846
1708	13532886
1709	13503908
1710	10018861
1711	01017987
1712	05313535
1713	01422886
1714	00940842
1715	00661091
1716	00763399
1717	01792567
1718	08566028
1719	05548840
1720	01241073
1721	02169352
1722	13266170
1723	10000787
1724	02179279
1725	10483890
1726	05233420
1727	00256507
1728	10466918
1729	01680756
1730	07526757
1731	00766418
1732	10786517
1733	02115778
1734	02660819
1735	05809192
1736	01410363
1737	01601234
1738	01370590
1739	09821831
1740	00099951
1741	02310482
1742	07340249
1743	01115349
1744	02945820
1745	13989863
1746	05352291
1747	01206218
1748	01074650
1749	05555688
1750	02324478
1751	05784831
1752	06633692
1753	00911048
1754	04546855
1755	00644503
1756	04748836
1757	05249636
1758	03181293
1759	00765649
1760	00242808
1761	05854150
1762	02579247
1763	01604696
1764	02981759
1765	05475681
1766	07324380
1767	02566528
1768	01899262
1769	06687178
1770	01989669
1771	05761559
1772	10564224
1773	02376089
1774	05176477
1775	14412725
1776	04321238
1777	00126264
1778	04910135
1779	05267548
1780	02434238
1781	02518161
1782	08061042
1783	07938773
1784	09258715
1785	00028565
1786	05111835
1787	01206153
1788	07300960
1789	06479665
1790	10082146
1791	00061792
1792	07170753
1793	00633443
1794	02056466
1795	06372095
1796	00834259
1797	00044673
1798	04840981
1799	05339357
1800	01697027
1801	10791221
1802	06652242
1803	05594822
1804	02327200
1805	05602548
1806	01668603
1807	02215506
1808	05578095
1809	01447257
1810	01627965
1811	05462674
1812	00229260
1813	05564323
1814	01308381
1815	02504562
1816	09900981
1817	10717589
1818	00678010
1819	02291843
1820	06260121
1821	01999423
1822	09928136
1823	01629276
1824	00851239
1825	00387657
1826	00455348
1827	01363613
1828	02479990
1829	05926676
1830	01770802
1831	01259691
1832	05805475
1833	05804274
1834	05775081
1835	05272110
1836	07452841
1837	02860389
1838	04713118
1839	00164816
1840	02513269
1841	00418025
1842	05480794
1843	02123812
1844	01020356
1845	00185104
1846	05434557
1847	01072072
1848	02463403
1849	00011757
1850	05803379
1851	00611055
1852	05559908
1853	05601758
1854	01588172
1855	14034177
1856	09304465
1857	05483890
1858	05761380
1859	00192051
1860	05761918
1861	00084562
1862	00641252
1863	10763245
1864	05993844
1865	01023574
1866	14452294
1867	08082602
1868	01032368
1869	06732581
1870	06193203
1871	00283568
1872	01211019
1873	05838176
1874	05256085
1875	04617562
1876	01009240
1877	05891783
1878	07337390
1879	01637982
1880	00611481
1881	00388065
1882	02699141
1883	01248782
1884	00644967
1885	09928451
1886	05264756
1887	01082454
1888	10522035
1889	07974025
1890	05389939
1891	00283127
1892	14052046
1893	01772960
1894	02293321
1895	07291312
1896	00785690
1897	05511618
1898	05794403
1899	02528163
1900	01109467
1901	02125223
1902	07251619
1903	04618070
1904	02447793
1905	05773049
1906	00859325
1907	02559752
1908	06767035
1909	05615500
1910	00382635
1911	00394610
1912	10634316
1913	02219094
1914	01342269
1915	05283816
1916	00091968
1917	02294179
1918	05766247
1919	00949134
1920	02569790
1921	07252378
1922	00055142
1923	00158804
1924	10515194
1925	00612612
1926	00352826
1927	01977155
1928	02669789
1929	09979321
1930	02344060
1931	10102506
1932	02533313
1933	01752884
1934	02625016
1935	01459422
1936	13773539
1937	02747709
1938	02389592
1939	01123598
1940	00740577
1941	01208291
1942	00363260
1943	05444324
1944	00198631
1945	00765977
1946	02116118
1947	13812607
1948	00726784
1949	02616713
1950	07121361
1951	01014066
1952	05840650
1953	07248060
1954	00836236
1955	00157957
1956	14333433
1957	09366317
1958	00239910
1959	00868910
1960	00593944
1961	00339934
1962	06652878
1963	00248977
1964	05559727
1965	07177924
1966	00090779
1967	04202417
1968	00165942
1969	02611630
1970	05459769
1971	00898518
1972	01649999
1973	10126424
1974	04712735
1975	01771535
1976	00876332
1977	10686313
1978	01187810
1979	01259458
1980	05421414
1981	11531090
1982	01870889
1983	02294436
1984	00034574
1985	05029706
1986	09901143
1987	07372959
1988	01551871
1989	00322457
1990	00422090
1991	00162632
1992	10474446
1993	00494907
1994	02445509
1995	00067274
1996	06711159
1997	00059019
1998	04980008
1999	07320302
2000	01260867
2001	05277728
2002	08166187
2003	05560787
2004	00776523
2005	00679389
2006	00163779
2007	05793554
2008	08059870
2009	05808218
2010	01089878
2011	05516366
2012	05836275
2013	01021889
2014	01994442
2015	02354537
2016	10681557
2017	00372013
2018	01253060
2019	04713332
2020	00862683
2021	05367341
2022	10160012
2023	09824361
2024	02056880
2025	06196584
2026	10209246
2027	08110373
2028	00190999
2029	05284851
2030	07209965
2031	09769636
2032	01113867
2033	05302499
2034	01769843
2035	00383390
2036	00137313
2037	09930257
2038	05430628
2039	14323683
2040	07496755
2041	00054628
2042	01083077
2043	00081836
2044	10524223
2045	09190918
2046	00765213
2047	10633450
2048	02938886
2049	02416278
2050	07939638
2051	09812338
2052	02684254
2053	02671880
2054	08239808
2055	13244109
2056	07248653
2057	00919513
2058	01429349
2059	05327767
2060	05543917
2061	01027668
2062	13773361
2063	00038849
2064	00958896
2065	00662182
2066	06765044
2067	03721797
2068	04576211
2069	01807882
2070	13265011
2071	05582305
2072	00779061
2073	01239064
2074	01646866
2075	02448185
2076	00976487
2077	01116026
2078	00588797
2079	01394464
2080	07965085
2081	00818466
2082	05263850
2083	05166805
2084	02789271
2085	05585205
2086	01797051
2087	06504462
2088	02271544
2089	05869584
2090	01822248
2091	01697816
2092	05493303
2093	01557614
2094	00583990
2095	05297523
2096	10708454
2097	01850315
2098	01374582
2099	05563266
2100	03082979
2101	05305806
2102	01711749
2103	00910973
2104	09915964
2105	01821423
2106	01672168
2107	14420954
2108	02145543
2109	06532330
2110	03093792
2111	02551602
2112	00788097
2113	02290956
2114	02333689
2115	02563327
2116	00061290
2117	10671898
2118	06880249
2119	01120069
2120	04871374
2121	01653442
2122	01106808
2123	07348399
2124	01190884
2125	04203705
2126	10553805
2127	00071646
2128	08663354
2129	00082081
2130	07286905
2131	00290740
2132	04827652
2133	02650840
2134	10773394
2135	06750154
2136	01643657
2137	01293389
2138	01165692
2139	02455407
2140	01355326
2141	01239494
2142	01013434
2143	05609884
2144	05142641
2145	05542193
2146	07555014
2147	07050177
2148	00584367
2149	02524171
2150	02451113
2151	07325190
2152	06710546
2153	13504173
2154	07020538
2155	05604950
2156	05601357
2157	02840619
2158	00635012
2159	07428450
2160	00794079
2161	05532944
2162	01824244
2163	00261705
2164	04872531
2165	05289057
2166	01794668
2167	01731031
2168	05370918
2169	10090020
2170	05577410
2171	06367107
2172	10399491
2173	00931555
2174	02248465
2175	06511874
2176	01447632
2177	05367912
2178	00037457
2179	00441445
2180	07537485
2181	04320126
2182	14299637
2183	01895219
2184	04321534
2185	00150202
2186	14324274
2187	10120816
2188	10090498
2189	01120448
2190	08109624
2191	05289601
2192	06732013
2193	07543288
2194	02897524
2195	00497705
2196	02697725
2197	10411551
2198	04728786
2199	01933900
2200	05229990
2201	00351963
2202	09952163
2203	00253761
2204	05545047
2205	00421437
2206	00173338
2207	04897762
2208	01241767
2209	02436349
2210	00381601
2211	01990281
2212	01140839
2213	01036333
2214	13760316
2215	02853218
2216	05537806
2217	01033458
2218	00070816
2219	09626589
2220	05273684
2221	08108972
2222	05376844
2223	00170844
2224	00190115
2225	09792555
2226	01645601
2227	13265904
2228	11579418
2229	00418903
2230	03120029
2231	05352433
2232	10380305
2233	00921072
2234	05573895
2235	10495555
2236	01624169
2237	05610008
2238	05232691
2239	05978159
2240	05797177
2241	05750657
2242	06284225
2243	01931768
2244	10577284
2245	10383816
2246	10112591
2247	02008066
2248	01364162
2249	13299651
2250	02270342
2251	00235435
2252	01789514
2253	00001740
2254	00956687
2255	05566097
2256	00446493
2257	01023259
2258	05929008
2259	10345804
2260	00355252
2261	03894379
2262	04413151
2263	07497473
2264	01814815
2265	05313822
2266	09912995
2267	07109019
2268	00032613
2269	00383606
2270	00888009
2271	08108784
2272	02719399
2273	00112997
2274	00081725
2275	10509389
2276	03540595
2277	10271216
2278	09201031
2279	05299927
2280	09385911
2281	01638368
2282	02106506
2283	05701944
2284	05565937
2285	00662589
2286	00925207
2287	00096513
2288	14285662
2289	00024264
2290	07414922
2291	05148699
2292	01703326
2293	01008801
2294	02584981
2295	07529563
2296	00199130
2297	01369663
2298	00595630
2299	01613239
2300	04074482
2301	01028082
2302	01127215
2303	05553049
2304	07372565
2305	13308864
2306	00231557
2307	01028748
2308	13920835
2309	05509889
2310	05298729
2311	02685299
2312	05314639
2313	06685198
2314	01280014
2315	06324475
2316	01588493
2317	02991048
2318	03673971
2319	02189714
2320	00873603
2321	04179385
2322	13561719
2323	01336635
2324	02869563
2325	00145218
2326	01567275
2327	04184095
2328	02673965
2329	02156063
2330	11419404
2331	05466696
2332	02945971
2333	07942152
2334	01821996
2335	08406486
2336	09385137
2337	04007664
2338	13905121
2339	07360647
2340	07515790
2341	00240184
2342	04849759
2343	06346461
2344	04186848
2345	02138659
2346	07200527
2347	13792579
2348	00558371
2349	05823932
2350	05317191
2351	10339504
2352	01769902
2353	09429387
2354	01818835
2355	08402442
2356	05090441
2357	00082308
2358	07292694
2359	01783158
2360	00180413
2361	02321009
2362	05250659
2363	01002956
2364	08069878
2365	09777012
2366	02618149
2367	09962966
2368	00849357
2369	00044150
2370	02023107
2371	00140123
2372	05316025
2373	00699626
2374	05616246
2375	00903711
2376	06374587
2377	01421122
2378	00353782
2379	05833371
2380	02550516
2381	05558717
2382	01016832
2383	02229055
2384	02658283
2385	10590339
2386	07218470
2387	05803938
2388	10670668
2389	05793000
2390	00905677
2391	13985818
2392	00948206
2393	07565259
2394	05579944
2395	01815185
2396	10351281
2397	02102484
2398	01320009
2399	04735233
2400	05502556
2401	00348746
2402	07109196
2403	05301908
2404	00589624
2405	03664514
2406	04783247
2407	06347996
2408	00316594
2409	00603298
2410	01189282
2411	02536557
2412	01258617
2413	01071411
2414	01740892
2415	05833840
2416	05585665
2417	00147595
2418	05941037
2419	05703429
2420	03104594
2421	00043195
2422	05216365
2423	01191645
2424	01666327
2425	05313679
2426	01998793
2427	00672277
2428	04096848
2429	03601638
2430	09469285
2431	05404074
2432	02550296
2433	01142519
2434	04638175
2435	05221895
2436	02224055
2437	02713218
2438	00981083
2439	05003090
2440	00631737
2441	03740161
2442	02979722
2443	04762355
2444	01658188
2445	09632518
2446	01295275
2447	13365286
2448	04726938
2449	00656576
2450	01108753
2451	05702275
2452	06075527
2453	08359949
2454	02561332
2455	01637166
2456	02127613
2457	01999798
2458	13553916
2459	02301502
2460	05849284
2461	02676789
2462	00664276
2463	10752719
2464	05434927
2465	10668450
2466	01558883
2467	02950154
2468	05332225
2469	03335030
2470	01117541
2471	05286536
2472	02550868
2473	07373277
2474	05505679
2475	00908492
2476	02400378
2477	05677952
2478	05692910
2479	10308275
2480	01240432
2481	10280674
2482	05693919
2483	05805902
2484	00545557
2485	01256743
2486	05650579
2487	03733925
2488	06371413
2489	01698271
2490	02887970
2491	00904690
2492	07214432
2493	00184117
2494	02316304
2495	00544549
2496	02698944
2497	05459232
2498	00905852
2499	05491612
2500	02611002
2501	06768901
2502	00056930
2503	01049462
2504	02495922
2505	04999401
2506	10737431
2507	01329239
2508	00143251
2509	05230603
2510	14757848
2511	05789432
2512	09979072
2513	05602835
2514	10409634
2515	00078760
2516	05034225
2517	01999218
2518	05802185
2519	00682230
2520	02325968
2521	01817500
2522	07208338
2523	01151097
2524	00212173
2525	10560637
2526	01198101
2527	00244625
2528	13286640
2529	05545212
2530	06733939
2531	05637558
2532	14559983
2533	02728784
2534	00432683
2535	07309781
2536	10741590
2537	02494356
2538	04626280
2539	06528992
2540	01761706
2541	01828736
2542	02888133
2543	13331634
2544	06171040
2545	05478336
2546	10269458
2547	05112609
2548	01130607
2549	15140892
2550	10495421
2551	05564590
2552	02099019
2553	00721098
2554	02610845
2555	14686913
2556	07252764
2557	14007546
2558	05405554
2559	00668805
2560	06208751
2561	05785885
2562	06740183
2563	02439501
2564	02399331
2565	09437369
2566	05467432
2567	00062451
2568	00116376
2569	00040152
2570	00245457
2571	05733583
2572	04864515
2573	05154517
2574	00940412
2575	06182144
2576	14422179
2577	07524242
2578	02609764
2579	09184975
2580	00594058
2581	02541509
2582	05476754
2583	00042311
2584	00040804
2585	00341285
2586	00692329
2587	00598215
2588	01085937
2589	00512186
2590	00744443
2591	05818741
2592	02338975
2593	01878466
2594	05496990
2595	09629752
2596	09939313
2597	01157517
2598	01210737
2599	08242100
2600	04519153
2601	07211752
2602	02284951
2603	02603926
2604	04826771
2605	04847991
2606	01181475
2607	00590924
2608	04773596
2609	01744611
2610	00575741
2611	07491038
2612	00301187
2613	05599203
2614	10421470
2615	04635104
2616	02701628
2617	02310007
2618	09926862
2619	01642437
2620	05675905
2621	02526085
2622	05436752
2623	05773923
2624	00903668
2625	01309143
2626	01871680
2627	04846770
2628	02490877
2629	05652926
2630	01549420
2631	13809207
2632	00007347
2633	04693900
2634	08624656
2635	01590747
2636	01612053
2637	05577190
2638	02734217
2639	01211339
2640	00974444
2641	07505047
2642	00908621
2643	05388805
2644	10434725
2645	02407987
2646	00772189
2647	04841358
2648	04519536
2649	00609683
2650	01782519
2651	05541509
2652	01968569
2653	08082236
2654	01629958
2655	05935060
2656	02128873
2657	07324673
2658	13940456
2659	11083656
2660	00082563
2661	02623529
2662	05806855
2663	05445668
2664	02376429
2665	01220984
2666	07539367
2667	10046527
2668	10584318
2669	02555434
2670	05682570
2671	05341920
2672	07963987
2673	02348568
2674	06060845
2675	00696518
2676	00959731
2677	01906823
2678	00871942
2679	00075135
2680	02736778
2681	03247620
2682	04687333
2683	11415842
2684	13580415
2685	02125460
2686	06878071
2687	15140405
2688	06333653
2689	02112891
2690	08549070
2691	05532795
2692	13928668
2693	01894758
2694	00149262
2695	05282433
2696	10335246
2697	00950431
2698	02262542
2699	00442267
2700	02217695
2701	07208708
2702	05335310
2703	00243124
2704	05385534
2705	02320374
2706	00727791
2707	02554422
2708	05314255
2709	10355449
2710	05271383
2711	00367685
2712	01721169
2713	05435477
2714	10099375
2715	04826999
2716	05117660
2717	00841628
2718	06157326
2719	00014549
2720	00880269
2721	08063446
2722	04451818
2723	00196485
2724	00029677
2725	02607455
2726	05623818
2727	01560731
2728	00732960
2729	07180183
2730	00664110
2731	00980453
2732	05294819
2733	03738472
2734	00127531
2735	08101410
2736	05634219
2737	07245125
2738	00607114
2739	02574205
2740	00010435
2741	01653013
2742	05309725
2743	03154446
2744	01212519
2745	10428004
2746	00344125
2747	02034828
2748	00940709
2749	06095022
2750	00023773
2751	06549661
2752	01129977
2753	01344293
2754	07251984
2755	01126961
2756	00835032
2757	01019129
2758	07199565
2759	07246036
2760	00689344
2761	00539546
2762	00911350
2763	01827858
2764	00559102
2765	01228877
2766	05512139
2767	05869857
2768	06013741
2769	10415638
2770	02208265
2771	03722007
2772	00040962
2773	08307589
2774	01255967
2775	02367363
2776	04451473
2777	02261464
2778	02486932
2779	14425414
2780	01098869
2781	07370671
2782	03748162
2783	01644050
2784	02427103
2785	13904843
2786	01624633
2787	14492953
2788	02690941
2789	00806502
2790	14547369
2791	10296618
2792	10510339
2793	04760771
2794	05501485
2795	00059127
2796	10418841
2797	10770059
2798	02513989
2799	13518963
2800	00914632
2801	05501185
2802	08357784
2803	05229622
2804	00689205
2805	00739662
2806	02232190
2807	05217859
2808	00484166
2809	05779712
2810	10626867
2811	02374149
2812	00652466
2813	03100490
2814	01723690
2815	02341266
2816	05331812
2817	00598954
2818	10107303
2819	00909219
2820	07969695
2821	05380697
2822	05471629
2823	09279458
2824	02475922
2825	10407954
2826	02461723
2827	00360650
2828	01084637
2829	05829342
2830	05497363
2831	10583916
2832	00647094
2833	00717358
2834	03075768
2835	00704690
2836	00967625
2837	05465567
2838	01209678
2839	01781478
2840	01989873
2841	00941990
2842	02964389
2843	00485609
2844	09184834
2845	00159620
2846	00707956
2847	05035961
2848	00257269
2849	01900150
2850	02446164
2851	07372779
2852	14481080
2853	14037011
2854	00933566
2855	01725712
2856	00056334
2857	00051045
2858	06694796
2859	02868326
2860	01147060
2861	00996969
2862	01125429
2863	00431552
2864	05267345
2865	07160296
2866	04261116
2867	08189659
2868	02286204
2869	04110439
2870	09855630
2871	00146138
2872	00007846
2873	01620854
2874	05386845
2875	01093587
2876	04080833
2877	01549719
2878	07139700
2879	07534430
2880	02744651
2881	03571155
2882	00672017
2883	00686447
2884	00210518
2885	03533486
2886	02131072
2887	01777210
2888	00483181
2889	00069879
2890	01440378
2891	00386915
2892	00230276
2893	06193727
2894	01205827
2895	01354673
2896	01619354
2897	00064643
2898	09470550
2899	05317354
2900	05813229
2901	04250850
2902	05093890
2903	00368109
2904	03953020
2905	00658082
2906	06806469
2907	01058574
2908	05405946
2909	00592883
2910	00739082
2911	05696425
2912	05553288
2913	05600637
2914	02624263
2915	01096454
2916	05624700
2917	05195362
2918	07976936
2919	00893167
2920	00005041
2921	02310855
2922	00377169
2923	02608347
2924	05495981
2925	13962360
2926	00835903
2927	01552519
2928	01046984
2929	01385458
2930	06783598
2931	00087152
2932	00836788
2933	05528854
2934	07546125
2935	07048000
2936	00019128
2937	06054700
2938	04686003
2939	10235549
2940	01822936
2941	01018630
2942	10225219
2943	02551832
2944	00787465
2945	01315613
2946	13970764
2947	02302817
2948	05515670
2949	03575240
2950	02281093
2951	05466005
2952	00929718
2953	01976089
2954	05274808
2955	02259829
2956	00958334
2957	02466134
2958	01634424
2959	07203696
2960	00923995
2961	01904930
2962	01775535
2963	05168261
2964	05273822
2965	04105893
2966	00151087
2967	01062997
2968	02050132
2969	06591442
2970	10041195
2971	00612042
2972	01019372
2973	00803815
2974	00202236
2975	05594037
2976	01256600
2977	05510702
2978	00248026
2979	05503705
2980	00607405
2981	02130300
2982	07217924
2983	15271008
2984	05722427
2985	00926702
2986	02872333
2987	13580723
2988	02679415
2989	06879180
2990	00376400
2991	01974062
2992	07283608
2993	00958880
2994	00334186
2995	05930736
2996	02346895
2997	02230247
2998	00094460
2999	02364448
3000	00123170
3001	00347610
3002	00696189
3003	02662297
3004	00419644
3005	01624568
3006	07230502
3007	10461747
3008	00035189
3009	01545883
3010	01867295
3011	02034986
3012	01332730
3013	00732224
3014	00643473
3015	06037298
3016	01635432
3017	13927383
3018	00050693
3019	05467054
3020	10722385
3021	05984287
3022	01647672
3023	10703905
3024	01790020
3025	05823054
3026	10383505
3027	13486671
3028	07190290
3029	02603673
3030	05726345
3031	01752495
3032	06161718
3033	05692419
3034	00927261
3035	06721949
3036	10509161
3037	05542893
3038	05533948
3039	00779360
3040	05254795
3041	04754440
3042	07443761
3043	05373924
3044	05790242
3045	01057759
3046	00359614
3047	03154073
3048	01072565
3049	00730247
3050	00315986
3051	01617192
3052	04852750
3053	01432353
3054	05430095
3055	05828263
3056	08459252
3057	13814041
3058	05816287
3059	05237755
3060	00962447
3061	05839024
3062	00518395
3063	10438172
3064	00883297
3065	04729328
3066	01640207
3067	05827684
3068	00747418
3069	05792842
3070	01110274
3071	10056103
3072	01060234
3073	04231693
3074	00918872
3075	09622302
3076	10495167
3077	00543233
3078	05872982
3079	01333301
3080	00504592
3081	01015866
3082	01667304
3083	02376277
3084	13576101
3085	10524413
3086	05372428
3087	02389346
3088	02464866
3089	00013160
3090	01563005
3091	06712325
3092	10191613
3093	05442131
3094	01882170
3095	02332999
3096	05748285
3097	02169891
3098	05225602
3099	02510337
3100	00015388
3101	00090186
3102	13537894
3103	00611802
3104	00362355
3105	02665803
3106	03932203
3107	13859043
3108	01775164
3109	00278810
3110	03906997
3111	05594367
3112	13576355
3113	03183080
3114	13792692
3115	01554799
3116	00602255
3117	05254197
3118	00625393
3119	01628449
3120	07272172
3121	02397637
3122	06364329
3123	00100543
3124	01463965
3125	10075529
3126	00713167
3127	02549847
3128	00779601
3129	01626138
3130	03838160
3131	00169806
3132	01346003
3133	01815628
3134	13413493
3135	00206998
3136	02244956
3137	02621395
3138	00064889
3139	07298982
3140	06756407
3141	02510446
3142	01831531
3143	05651399
3144	05217688
3145	03959936
3146	08055150
3147	00839619
3148	00040325
3149	09798534
3150	11498203
3151	00476819
3152	01238424
3153	01129876
3154	03129123
3155	00899927
3156	15003969
3157	07510625
3158	02712243
3159	10518194
3160	01119169
3161	01508719
3162	13526110
3163	00937656
3164	10677713
3165	05943066
3166	01326291
3167	13870805
3168	00838098
3169	00805376
3170	07513508
3171	00004258
3172	05141222
3173	05599617
3174	02609203
3175	09816771
3176	02858231
3177	06743362
3178	03050026
3179	04849241
3180	09849598
3181	10019888
3182	03076708
3183	05131283
3184	10752480
3185	01096497
3186	00688377
3187	07326557
3188	00191142
3189	00644839
3190	07975026
3191	00249501
3192	00933420
3193	02684924
3194	00670261
3195	00237078
3196	00631391
3197	00789534
3198	08623927
3199	10045454
3200	02479154
3201	04782878
3202	05495172
3203	01311103
3204	04892084
3205	13583724
3206	14315192
3207	04828255
3208	01474513
3209	01256332
3210	01298931
3211	06552984
3212	00033020
3213	10665698
3214	05788149
3215	02290461
3216	01418667
3217	05796423
3218	02467662
3219	14877585
3220	00886281
3221	00657260
3222	06136258
3223	10707233
3224	07423560
3225	05370410
3226	01221611
3227	07180570
3228	02915055
3229	05289861
3230	01062817
3231	00926472
3232	00351485
3233	13864965
3234	14421139
3235	00138956
3236	00955601
3237	05566919
3238	07250034
3239	09632274
3240	01193721
3241	01057200
3242	02308741
3243	02121511
3244	02390470
3245	00630380
3246	03728811
3247	01202415
3248	05580416
3249	01227190
3250	05670972
3251	00116619
3252	07151122
3253	06156968
3254	00169651
3255	02413480
3256	05305136
3257	06528783
3258	14445749
3259	08054721
3260	00697589
3261	07487695
3262	00909363
3263	08419562
3264	00282050
3265	01865197
3266	14050143
3267	04895246
3268	02343056
3269	05348884
3270	09609232
3271	01498872
3272	03840327
3273	02108791
3274	00362467
3275	04868748
3276	00961329
3277	00849788
3278	00812580
3279	04623612
3280	01629000
3281	05552607
3282	00817311
3283	10045713
3284	02331262
3285	02607909
3286	02603540
3287	04863969
3288	05817396
3289	01492052
3290	00969873
3291	06633363
3292	02505141
3293	10720453
3294	00719231
3295	07514345
3296	02150510
3297	00331950
3298	09868270
3299	00720565
3300	00734348
3301	06613056
3302	01035530
3303	06762711
3304	02982790
3305	00829107
3306	05840188
3307	00941777
3308	02333225
3309	15144371
3310	08381436
3311	10518349
3312	01041762
3313	00686890
3314	00882159
3315	10399299
3316	01127075
3317	00681429
3318	01183573
3319	00829378
3320	05492259
3321	02298471
3322	05240850
3323	07536870
3324	00922327
3325	01020934
3326	01109687
3327	02257370
3328	01619725
3329	07467846
3330	01754576
3331	00875141
3332	06066555
3333	05499172
3334	13939892
3335	05432948
3336	02418872
3337	01834304
3338	00604694
3339	01323355
3340	02577061
3341	02453889
3342	03038281
3343	10689564
3344	01205961
3345	07491981
3346	02560164
3347	08436759
3348	05578740
3349	02557199
3350	07290905
3351	01012712
3352	05338410
3353	02728763
3354	05313115
3355	04880830
3356	01279631
3357	02230772
3358	05835747
3359	00761713
3360	01072949
3361	02080577
3362	05541872
3363	01225970
3364	05775407
3365	00989084
3366	01741446
3367	05225090
3368	06208021
3369	07314277
3370	05464104
3371	01200440
3372	01732172
3373	10143725
3374	05447599
3375	04910973
3376	02796412
3377	00766234
3378	07993109
3379	03511426
3380	04659287
3381	00942234
3382	01705257
3383	01107932
3384	09224911
3385	03323703
3386	06090869
3387	07211950
3388	06649567
3389	05199286
3390	00232542
3391	00588221
3392	04828925
3393	05999797
3394	01311378
3395	05395286
3396	00835267
3397	13253612
3398	10059162
3399	00947128
3400	08400965
3401	01861778
3402	00637259
3403	00655779
3404	01106864
3405	02612762
3406	04456276
3407	10284064
3408	01474209
3409	05504532
3410	00811355
3411	10722575
3412	05555473
3413	09767197
3414	05854812
3415	04910377
3416	00760956
3417	00654625
3418	00327031
3419	00883611
3420	01647867
3421	00486018
3422	09476521
3423	07286368
3424	10743124
3425	14563564
3426	07490713
3427	00921300
3428	00715674
3429	06373747
3430	10658304
3431	09614684
3432	02255462
3433	14960090
3434	02567519
3435	05142180
3436	03061081
3437	05128519
3438	01654628
3439	02440523
3440	00156625
3441	01075164
3442	07180372
3443	00338641
3444	01800349
3445	04620216
3446	01237415
3447	01995549
3448	02210855
3449	00924825
3450	03746574
3451	06634376
3452	00317207
3453	02766328
3454	06379568
3455	15047313
3456	10484526
3457	00611433
3458	05978623
3459	05318831
3460	01462005
3461	05984584
3462	10728624
3463	02734192
3464	05075602
3465	06741099
3466	00732552
3467	05305614
3468	00596644
3469	01441100
3470	00205598
3471	02646072
3472	01095218
3473	00859001
3474	05785067
3475	13365698
3476	08358594
3477	02540670
3478	09848489
3479	08103457
3480	01198750
3481	05121418
3482	13929852
3483	10630188
3484	01239359
3485	06648724
3486	00623151
3487	14331873
3488	01211699
3489	01456463
3490	09821253
3491	05417975
3492	01233397
3493	05248181
3494	00742320
3495	00059552
3496	00683280
3497	01197980
3498	14841267
3499	04033995
3500	00345761
3501	14006945
3502	13367070
3503	00482473
3504	02421158
3505	06650070
3506	00636061
3507	10160412
3508	05770926
3509	06552639
3510	00831651
3511	05776212
3512	00428000
3513	03224032
3514	07296428
3515	10693824
3516	00397953
3517	07201804
3518	10279018
3519	00147862
3520	00089351
3521	01149138
3522	01088923
3523	13489037
3524	13426376
3525	00091311
3526	11414411
3527	00084230
3528	00451461
3529	09811712
3530	11414608
3531	13524925
3532	15109745
3533	05705355
3534	00038750
3535	07208930
3536	09633969
3537	00878636
3538	02204692
3539	01623967
3540	06748969
3541	13253751
3542	00358931
3543	00733632
3544	00894738
3545	01129532
3546	01230710
3547	06738281
3548	00023100
3549	05576573
3550	04544979
3551	02664769
3552	02256109
3553	00838856
3554	01761120
3555	01170962
3556	05658826
3557	09800249
3558	07213395
3559	04631067
3560	00070641
3561	06428216
3562	05200169
3563	04618781
3564	00159177
3565	10483530
3566	00588888
3567	02556817
3568	00923321
3569	00634472
3570	00881649
3571	04660536
3572	07248507
3573	02573127
3574	07093895
3575	00042457
3576	08457976
3577	03201208
3578	10486349
3579	05829782
3580	03967942
3581	02163746
3582	01432474
3583	01198779
3584	05786372
3585	08651247
3586	00113726
3587	00771632
3588	02260362
3589	01896478
3590	05310351
3591	01195536
3592	00109660
3593	00055871
3594	00213186
3595	05595083
3596	01651444
3597	02135389
3598	10624540
3599	02245765
3600	05504107
3601	00606370
3602	05285623
3603	00638981
3604	10631941
3605	07328942
3606	03385117
3607	00963570
3608	00397760
3609	01872645
3610	05387167
3611	02551144
3612	01921204
3613	02171039
3614	01194238
3615	00872886
3616	00923793
3617	10794014
3618	00947439
3619	00391599
3620	07248801
3621	05228020
3622	10657306
3623	01069190
3624	09877587
3625	02726017
3626	10309347
3627	02820210
3628	02877704
3629	02569130
3630	02385634
3631	05568767
3632	01711071
3633	02600255
3634	05576950
3635	00250181
3636	07491708
3637	04946553
3638	00003316
3639	05772356
3640	00834198
3641	05595531
3642	01147451
3643	08478482
3644	05941423
3645	00884540
3646	06043075
3647	14004317
3648	05952979
3649	05556943
3650	00355547
3651	00552841
3652	03294833
3653	05945642
3654	01160031
3655	10716389
3656	04800359
3657	00739340
3658	06420781
3659	10729175
3660	10624310
3661	01159655
3662	01796346
3663	05946687
3664	09998101
3665	02511551
3666	00632627
3667	05261566
3668	05650329
3669	05426243
3670	01284461
3671	10409752
3672	01095753
3673	03735637
3674	04099175
3675	00734587
3676	00210797
3677	05908520
3678	06389230
3679	00594621
3680	11410625
3681	00999817
3682	01211667
3683	00258665
3684	13486270
3685	01639714
3686	15265518
3687	13987423
3688	14578471
3689	00657604
3690	01798100
3691	05309050
3692	00650353
3693	00939035
3694	01041111
3695	05702726
3696	01556921
3697	01096245
3698	09629065
3699	01912893
3700	04627000
3701	05735478
3702	02578008
3703	01127019
3704	01506157
3705	05371663
3706	05277532
3707	13096863
3708	02716165
3709	00921738
3710	01661243
3711	06687358
3712	02375131
3713	00672433
3714	01830946
3715	05559256
3716	00671190
3717	01656788
3718	05474738
3719	06367373
3720	02200686
3721	05194151
3722	01309701
3723	07162545
3724	10264219
3725	05867413
3726	02122164
3727	01808626
3728	13458571
3729	05845140
3730	00633265
3731	06389553
3732	02679899
3733	00034288
3734	02727883
3735	02372605
3736	01085793
3737	04683453
3738	01378556
3739	01759326
3740	01925372
3741	02340543
3742	01312810
3743	02326355
3744	02152812
3745	00745637
3746	00021939
3747	00017222
3748	01641914
3749	01020005
3750	04869569
3751	05760202
3752	01796519
3753	05171045
3754	09178821
3755	02129289
3756	00920336
3757	07993279
3758	00226882
3759	05462057
3760	01627947
3761	01667449
3762	09902954
3763	05275466
3764	07535209
3765	00798245
3766	07527352
3767	02432530
3768	14286549
3769	04916342
3770	04890112
3771	13367593
3772	00156390
3773	01089778
3774	06078088
3775	02730135
3776	00422551
3777	00484892
3778	05343542
3779	08081403
3780	00081572
3781	05236152
3782	07373602
3783	07963711
3784	01904845
3785	07409592
3786	00931040
3787	00773814
3788	09609871
3789	00084738
3790	01558440
3791	01381357
3792	14285276
3793	01895630
3794	00489837
3795	11960540
3796	00257535
3797	00900616
3798	10461424
3799	06551784
3800	06123363
3801	05279953
3802	09628382
3803	01313923
3804	01570403
3805	05275651
3806	02464693
3807	13969700
3808	07532440
3809	05138208
3810	14379501
3811	01640855
3812	01352574
3813	10480018
3814	09979589
3815	00360757
3816	05349659
3817	05772215
3818	00556193
3819	08199025
3820	00856824
3821	10162991
3822	02035337
3823	01080366
3824	05999266
3825	08101085
3826	00077419
3827	05605192
3828	14036203
3829	00105333
3830	05734018
3831	13428159
3832	00243373
3833	06199702
3834	02257141
3835	04164989
3836	03302121
3837	01782432
3838	01027379
3839	04650527
3840	06377442
3841	04668819
3842	07554856
3843	02118933
3844	10568443
3845	00209943
3846	06199142
3847	02479323
3848	06725877
3849	07532112
3850	07289014
3851	01201089
3852	04778630
3853	02724417
3854	02604760
3855	01118449
3856	05780104
3857	00772967
3858	03018802
3859	01659248
3860	02670398
