0	07180183
1	00391599
2	00610374
3	00663353
4	01063350
5	06798750
6	04360501
7	00881649
8	13541167
9	00729109
10	10082146
11	02782815
12	10004539
13	00765649
14	09913329
15	02419773
16	01412346
17	03570709
18	00704388
19	02558951
20	04216634
21	02169352
22	00604694
23	02560767
24	06338908
25	10794014
26	10458111
27	00695300
28	01120069
29	03918737
30	00604811
31	04638175
32	09179776
33	02522864
34	05574151
35	02102002
36	13794417
37	05430095
38	02376429
39	10466198
40	10032676
41	14481080
42	00277376
43	00290302
44	13905121
45	10000007
46	01156112
47	00990008
48	02711114
49	06418693
50	08358594
51	07388987
52	00756338
53	13773539
54	07361416
55	02208903
56	01077887
57	14562683
58	02788689
59	07170753
60	05501185
61	00352826
62	02459173
63	01548694
64	00608808
65	02129289
66	01767949
67	00661824
68	07207273
69	07991364
70	09625401
71	06748969
72	13265011
73	05058580
74	10633450
75	08108627
76	00059127
77	07362218
78	04645943
79	00795008
80	00082241
81	01846916
82	06313651
83	01687569
84	01264050
85	00244625
86	00715868
87	03126385
88	03841143
89	00316594
90	02713097
91	04004210
92	02994448
93	02609764
94	00874806
95	04635104
96	02189714
97	00427580
98	10308504
99	01588172
100	01556178
101	07193958
102	00205046
103	04606358
104	02937108
105	01778568
106	00371314
107	03419014
108	01818235
109	00535452
110	10314952
111	07251619
112	04754237
113	07286368
114	06711159
115	09816771
116	01952898
117	08374049
118	00199309
119	00731000
120	00483146
121	01061320
122	10379758
123	02297742
124	05790572
125	01504437
126	00956131
127	05269901
128	10517826
129	00876442
130	01668603
131	02019021
132	01447632
133	02541302
134	00163779
135	13903387
136	05166805
137	01635176
138	01068134
139	00726784
140	15180528
141	02463403
142	01358023
143	05084201
144	05906554
145	00479932
146	05389762
147	09758781
148	06678302
149	02642634
150	01343918
151	04783247
152	07521674
153	01127215
154	02372605
155	10507230
156	00642098
157	01907258
158	02610845
159	00525446
160	01010118
161	09966255
162	02581477
163	00564857
164	02389346
165	02518990
166	00657260
167	00075021
168	08681222
169	01531375
170	00151087
171	01821266
172	01818835
173	02137907
174	13859043
175	02476219
176	04357121
177	05981230
178	02707429
179	02767116
180	00589217
181	01976220
182	07423001
183	01644050
184	05773049
185	04717139
186	01012073
187	01626420
188	13558696
189	01740608
190	09184834
191	07305234
192	07133701
193	10756433
194	03122748
195	03614007
196	03319745
197	02982790
198	00206998
199	05770926
200	13423922
201	02963821
202	07452699
203	09780828
204	07212190
205	14562142
206	03679712
207	00031921
208	00031264
209	03488188
210	00921014
211	01996377
212	02611630
213	08565894
214	01045419
215	01425892
216	08419562
217	06730563
218	01762528
219	07527352
220	05601198
221	03714721
222	00363788
223	00261029
224	01688256
225	02008396
226	01458228
227	01007924
228	00404726
229	13329641
230	05563034
231	03659292
232	05296639
233	05726596
234	00699815
235	05209822
236	07560652
237	05083328
238	04956594
239	14497763
240	01886756
241	02661252
242	05795044
243	05780104
244	10677713
245	11669335
246	06749881
247	04451818
248	13366693
249	01484392
250	02387034
251	00820801
252	01990694
253	10509605
254	00850501
255	04639113
256	09260907
257	00923307
258	02733524
259	05689801
260	10804406
261	07950920
262	00618878
263	01067816
264	10718131
265	02679415
266	02158896
267	00678282
268	00347420
269	03274796
270	01347298
271	00102457
272	00906367
273	00714884
274	01744111
275	03525252
276	04161981
277	00383275
278	01995549
279	00235208
280	05728678
281	00152018
282	05151088
283	00918471
284	06200344
285	10516874
286	00336922
287	08208560
288	03728811
289	00488770
290	10066732
291	01544692
292	06201042
293	01578254
294	01299758
295	09901143
296	06761099
297	13486671
298	09470550
299	10029269
300	00173338
301	10549510
302	01130607
303	10426454
304	14560612
305	00342980
306	06684572
307	02071142
308	00926702
309	01146576
310	00383390
311	00346693
312	05820170
313	01224031
314	06687701
315	00782527
316	00694990
317	00760402
318	03683708
319	03206718
320	05835747
321	01110274
322	02329578
323	00020090
324	02670890
325	02452885
326	05928513
327	04864200
328	00101779
329	09909760
330	14704465
331	06732710
332	10060352
333	00511817
334	00441445
335	06481320
336	02699141
337	04761815
338	00792471
339	06726158
340	00043411
341	00912960
342	01981699
343	00257770
344	10665302
345	00571596
346	07214432
347	10469346
348	01815628
349	00091013
350	10776339
351	01164273
352	02074377
353	00261604
354	08227214
355	00097504
356	01802494
357	10105085
358	01637982
359	06763273
360	00812580
361	00928077
362	01385170
363	03175081
364	00161739
365	13405962
366	01432517
367	13518963
368	05705355
369	01051082
370	01149470
371	14419164
372	00953559
373	07409592
374	07283608
375	10522035
376	06770275
377	01129532
378	07524760
379	07320302
380	00429322
381	00512487
382	10521470
383	01157517
384	02468261
385	10009276
386	09222051
387	02619424
388	02431320
389	02164402
390	14286549
391	00275843
392	01809064
393	03100897
394	14535431
395	01753596
396	07547805
397	01101958
398	11414874
399	07881800
400	04552348
401	02598211
402	05845140
403	06677302
404	05367912
405	05157574
406	14406573
407	03005423
408	00983824
409	01195299
410	14333433
411	07148192
412	02409941
413	09845999
414	06536389
415	00846462
416	02067689
417	01048718
418	01512259
419	01158572
420	08398773
421	00900726
422	02447793
423	07450651
424	00352558
425	01617192
426	01460029
427	01054545
428	05783940
429	00066685
430	04016240
431	05820620
432	02409148
433	05344514
434	00828237
435	07272172
436	02625016
437	03065685
438	04773351
439	02109818
440	00002684
441	02970685
442	02600490
443	04004767
444	04152387
445	07445480
446	03330947
447	02818832
448	00632438
449	07006712
450	02008066
451	07173959
452	01237167
453	01279305
454	10176679
455	02577061
456	05434557
457	14413644
458	04904664
459	00336539
460	00939277
461	03540595
462	07139151
463	02796412
464	05383467
465	01191975
466	06282651
467	02137132
468	03084420
469	01238424
470	02555434
471	00638837
472	00070641
473	03547054
474	02479154
475	01979462
476	01374582
477	00544549
478	10576071
479	13526110
480	07159791
481	13741022
482	07375405
483	02740204
484	00937208
485	06726939
486	03209141
487	01124794
488	00733044
489	04735233
490	13937554
491	05304932
492	00673983
493	01001689
494	06757891
495	02294436
496	07387509
497	01631534
498	09623038
499	00002325
500	06746580
501	01807770
502	05782140
503	02776205
504	00283127
505	01843055
506	00059376
507	00426958
508	06782680
509	00237259
510	04453910
511	04695176
512	13308864
513	07951464
514	00709379
515	01653442
516	08220714
517	10034785
518	10514429
519	10722575
520	01191158
521	05256085
522	05003590
523	05828263
524	02522319
525	02231661
526	14463826
527	02202384
528	06609503
529	07313636
530	06615561
531	02727462
532	01056554
533	00862683
534	01122149
535	01721169
536	11444117
537	10553627
538	09415938
539	00933420
540	07284554
541	01127795
542	05817845
543	01202415
544	00556193
545	07490713
546	03597469
547	00463543
548	05624700
549	00971015
550	04164989
551	06394865
552	00592702
553	14411981
554	14424780
555	05309725
556	13427078
557	05930736
558	05352291
559	06355894
560	08266235
561	03008275
562	06796506
563	01552519
564	01052853
565	07161429
566	10007109
567	00402535
568	01101913
569	00502415
570	02149302
571	01019524
572	01213886
573	01253808
574	02527431
575	07321772
576	00788097
577	05761559
578	01830946
579	06608143
580	06254239
581	02289295
582	14840092
583	01071411
584	02663643
585	02701962
586	02286687
587	05774129
588	14704966
589	01149138
590	00356258
591	00084562
592	14483917
593	08592656
594	10597234
595	00797299
596	05868477
597	06364329
598	06633363
599	00977336
600	06893885
601	09774266
602	06528783
603	02567519
604	06742932
605	00567291
606	05176607
607	10388924
608	14591091
609	06647206
610	01106808
611	01126856
612	07518468
613	01059123
614	01159655
615	06582403
616	02679142
617	02412175
618	02540347
619	00858568
620	13968547
621	01279631
622	02340360
623	02708711
624	05796750
625	06876309
626	02397637
627	13956488
628	04623612
629	06252138
630	02158587
631	13794034
632	01398919
633	00418903
634	07439570
635	03137228
636	00035758
637	04837232
638	10345804
639	02577755
640	04840981
641	10673451
642	01767163
643	06760722
644	00689344
645	00562398
646	04626705
647	00920336
648	01877204
649	10463714
650	09354511
651	10191613
652	00240184
653	02858231
654	00488617
655	00048129
656	01986806
657	15291498
658	00728975
659	06410391
660	00045639
661	07518663
662	10431625
663	02717102
664	00058743
665	01165692
666	02458747
667	00943563
668	03033986
669	01688771
670	01275762
671	00739082
672	00426608
673	00218208
674	02641463
675	02681518
676	00446493
677	07245125
678	01535246
679	01150559
680	01061017
681	02504131
682	00162632
683	05148699
684	00838524
685	01567133
686	00665886
687	14499262
688	03182232
689	05557839
690	01781180
691	01887076
692	00344125
693	10580030
694	06396930
695	00784533
696	02165543
697	07196682
698	05280365
699	01123887
700	01771390
701	00118523
702	01845229
703	01220984
704	07447022
705	07561112
706	10463943
707	01739814
708	05908520
709	09858299
710	06163751
711	05718935
712	00018158
713	03735637
714	09963914
715	02357072
716	07498854
717	00900616
718	03288225
719	01623967
720	07358060
721	05734018
722	08456993
723	15047313
724	00915722
725	04329190
726	05318831
727	00999815
728	01313923
729	01992503
730	10165448
731	00923321
732	00276068
733	07137129
734	00484166
735	00696518
736	01438304
737	05510702
738	07344528
739	00791078
740	02560548
741	01549420
742	02460483
743	05167618
744	02234087
745	02536557
746	00125436
747	02460199
748	03673971
749	01875295
750	06324475
751	00896803
752	00805376
753	05178715
754	00724150
755	13343526
756	00509958
757	01760944
758	02334595
759	13899404
760	03201208
761	00775831
762	10630188
763	04250026
764	01147451
765	09795124
766	00940842
767	01187810
768	00916464
769	00621476
770	07963987
771	05822746
772	06013741
773	02996904
774	07142365
775	02537960
776	06524935
777	10486349
778	05651242
779	00648931
780	06078327
781	09608002
782	00245457
783	11414411
784	00446885
785	05599203
786	07252764
787	04198797
788	10801291
789	00081836
790	00824292
791	07250339
792	02743261
793	00833702
794	10027590
795	00065184
796	00140123
797	10090498
798	11498203
799	06410904
800	07160883
801	13467916
802	07128692
803	06153186
804	01862386
805	00654885
806	00199130
807	02743727
808	00372448
809	02347637
810	00591006
811	07160116
812	00634586
813	02260362
814	07413899
815	01706129
816	01322509
817	06551784
818	01207951
819	10716005
820	00784388
821	01149480
822	04476116
823	00754280
824	02003725
825	00151497
826	01468576
827	00467451
828	01048466
829	00752764
830	15226214
831	13795180
832	02752931
833	02760855
834	04530566
835	13932421
836	00380696
837	13505987
838	02094569
839	02458103
840	08111157
841	05765415
842	05147381
843	10286539
844	02612762
845	02199590
846	01405044
847	01264283
848	01323958
849	00739340
850	01150981
851	02701210
852	07151892
853	02623529
854	08647616
855	01467370
856	14322699
857	01905121
858	13525549
859	00314782
860	00818466
861	01837744
862	08664443
863	03224032
864	07993279
865	06710546
866	03099945
867	02068413
868	13572436
869	00295701
870	05529286
871	02466111
872	00614057
873	02234781
874	01156115
875	01356038
876	02242464
877	02752695
878	00740053
879	05432948
880	01843689
881	06170498
882	02247977
883	02945971
884	00949974
885	02225492
886	13904843
887	05829480
888	06400510
889	05469032
890	00048633
891	02559752
892	02428487
893	06397307
894	01437254
895	02729023
896	00397953
897	00989201
898	00227165
899	03116767
900	00631737
901	00243918
902	01732172
903	09814660
904	02554647
905	07534108
906	00945205
907	13154077
908	01463963
909	02439732
910	02325968
911	13761171
912	00508192
913	06304671
914	06308049
915	10074339
916	07135734
917	01027859
918	04750164
919	01028655
920	00879540
921	04161358
922	02453889
923	01283746
924	01022064
925	01014990
926	11669921
927	05809192
928	07039238
929	05510173
930	01808769
931	05529159
932	04934546
933	03871083
934	11450869
935	07997703
936	05770664
937	02630189
938	00780148
939	14477667
940	00968211
941	08566707
942	01146918
943	02077148
944	09791530
945	05817396
946	00053609
947	01912159
948	03574555
949	14699752
950	00825648
951	00105624
952	02294179
953	08106934
954	01929254
955	09977660
956	06786629
957	06290637
958	01654628
959	05598147
960	02177976
961	00730052
962	07013736
963	00621627
964	02950154
965	02469443
966	01254324
967	04683814
968	00380568
969	01201856
970	01085237
971	03079741
972	07233214
973	05766984
974	05849040
975	00066636
976	01554799
977	10369528
978	09618760
979	10592397
980	00383606
981	06264176
982	13924659
983	15224293
984	14037011
985	07187996
986	00381601
987	01693727
988	01696648
989	01580467
990	05675905
991	02523784
992	02262542
993	00046639
994	05602835
995	05560787
996	02554922
997	05795460
998	01490336
999	01103159
1000	03778600
1001	01231252
1002	07361128
1003	04764412
1004	00136991
1005	09902954
1006	07500414
1007	02903204
1008	02722782
1009	01076615
1010	10700517
1011	00411020
1012	00420477
1013	13458268
1014	00908099
1015	01012561
1016	01210737
1017	14371161
1018	00751145
1019	07518261
1020	00964694
1021	01666717
1022	00635850
1023	01247647
1024	02535716
1025	10483530
1026	10618007
1027	05475681
1028	06472025
1029	01216191
1030	09614315
1031	09939313
1032	13503908
1033	01727490
1034	13742358
1035	14408951
1036	00662182
1037	05784831
1038	02773037
1039	01494310
1040	00734054
1041	02723733
1042	06387980
1043	07364700
1044	04679738
1045	10399299
1046	07048000
1047	00089351
1048	00509377
1049	05339357
1050	00730538
1051	08399586
1052	02219940
1053	01251928
1054	04192698
1055	02402825
1056	09605289
1057	01351170
1058	04231693
1059	05194578
1060	02261386
1061	00702601
1062	00020827
1063	15055633
1064	10773394
1065	10677271
1066	02443609
1067	01336635
1068	13534274
1069	10212780
1070	04876985
1071	01127019
1072	01163847
1073	08559508
1074	14403107
1075	05654362
1076	10370381
1077	04686003
1078	02796623
1079	00929362
1080	00630380
1081	06740183
1082	00334186
1083	01092366
1084	00611433
1085	00966718
1086	00783523
1087	14515463
1088	08680888
1089	01407904
1090	02405390
1091	06161718
1092	08198137
1093	01552219
1094	06207561
1095	02403920
1096	10699752
1097	13411157
1098	02116980
1099	01414288
1100	05123760
1101	02687916
1102	05775407
1103	00918872
1104	05861067
1105	08435388
1106	13461162
1107	00683280
1108	02072849
1109	01506583
1110	05984287
1111	08322981
1112	02379198
1113	00294522
1114	04937043
1115	02329733
1116	05275466
1117	05982152
1118	13561719
1119	08059870
1120	01205696
1121	01127075
1122	00182406
1123	05581514
1124	01414088
1125	01736822
1126	09629752
1127	06193727
1128	00654625
1129	07974025
1130	02443049
1131	08060446
1132	00773402
1133	05564323
1134	01138670
1135	02133435
1136	09968845
1137	00368592
1138	00909573
1139	06539178
1140	09385911
1141	06532330
1142	02547586
1143	02286027
1144	05068080
1145	00672433
1146	01549719
1147	01770802
1148	04226537
1149	00373278
1150	00107943
1151	06687178
1152	07395446
1153	01426153
1154	01022178
1155	02297142
1156	10779775
1157	08103457
1158	01136519
1159	05397468
1160	06532095
1161	01317541
1162	00322457
1163	02413140
1164	06559365
1165	10785695
1166	02244956
1167	00928947
1168	13565379
1169	00102586
1170	09465459
1171	10401639
1172	01182709
1173	04295081
1174	03259505
1175	05682570
1176	06253518
1177	00471711
1178	10518194
1179	13792579
1180	03541091
1181	13962498
1182	02700867
1183	07314277
1184	00946588
1185	02345647
1186	06743506
1187	02203362
1188	05309392
1189	08081403
1190	02528163
1191	05301072
1192	13307901
1193	07367548
1194	02215001
1195	07332148
1196	00148978
1197	00414174
1198	08672562
1199	07151380
1200	02958343
1201	04806804
1202	05535484
1203	02102484
1204	00317888
1205	02434976
1206	00546389
1207	09621545
1208	01139104
1209	02021532
1210	01128193
1211	08208016
1212	10384214
1213	00689205
1214	09898346
1215	00154233
1216	02806261
1217	05153520
1218	00948206
1219	05761380
1220	05225090
1221	00873603
1222	08462320
1223	08651247
1224	10253995
1225	04061969
1226	03154073
1227	14405774
1228	00828082
1229	01197980
1230	05447599
1231	02559199
1232	00038750
1233	15256245
1234	02427916
1235	05563770
1236	06174404
1237	14422179
1238	05472032
1239	05650820
1240	01705494
1241	09615807
1242	00712225
1243	15143276
1244	02713852
1245	13874384
1246	00988028
1247	00993014
1248	00879607
1249	05436080
1250	05775081
1251	04898437
1252	13844212
1253	09758885
1254	00427397
1255	08513163
1256	10428004
1257	01432353
1258	01516534
1259	01079480
1260	01053617
1261	01417451
1262	01999423
1263	01666327
1264	01628302
1265	01994442
1266	02523521
1267	00168658
1268	01412759
1269	00988287
1270	00551065
1271	09962789
1272	08568978
1273	00025034
1274	13989863
1275	05576573
1276	05325378
1277	00634276
1278	10169796
1279	01978576
1280	07445896
1281	01563336
1282	04612840
1283	15236475
1284	01264336
1285	07331759
1286	10575787
1287	03011521
1288	02669789
1289	02517169
1290	02629256
1291	07199565
1292	02146790
1293	02934888
1294	04768483
1295	00154778
1296	10481268
1297	09962966
1298	02255462
1299	10378412
1300	01848718
1301	00382109
1302	07992450
1303	06751974
1304	07959269
1305	05493303
1306	13928668
1307	00525453
1308	00471437
1309	03076708
1310	10450303
1311	09915964
1312	05823932
1313	04677514
1314	11444643
1315	07090721
1316	01345109
1317	01068380
1318	03094503
1319	00035603
1320	07508232
1321	00601043
1322	05566504
1323	10773040
1324	07522128
1325	00666886
1326	02808440
1327	00022316
1328	09607280
1329	05296253
1330	00784727
1331	02983097
1332	01109863
1333	00219575
1334	10380672
1335	04384593
1336	01700934
1337	07355887
1338	00872107
1339	04008385
1340	01091427
1341	00893955
1342	00398704
1343	00107739
1344	10252222
1345	02377938
1346	02261888
1347	13457378
1348	01328702
1349	00917211
1350	01009637
1351	07150644
1352	00019448
1353	01987228
1354	15257692
1355	04209613
1356	00955148
1357	02870092
1358	13426376
1359	06003682
1360	01130169
1361	14481929
1362	07410207
1363	00949134
1364	00708017
1365	00990655
1366	00102779
1367	01458664
1368	14055408
1369	09443136
1370	00545557
1371	01090335
1372	10752093
1373	06732013
1374	00697923
1375	09559201
1376	01638368
1377	00289175
1378	00854420
1379	01872877
1380	05978812
1381	13810615
1382	04821802
1383	10671042
1384	00810598
1385	00004605
1386	06084469
1387	06610143
1388	01298668
1389	10490699
1390	01083077
1391	00907930
1392	00989084
1393	10679998
1394	02641957
1395	05700087
1396	01016316
1397	00597265
1398	00322228
1399	07360647
1400	00941777
1401	06768901
1402	01217043
1403	00205079
1404	08473482
1405	10210648
1406	00138508
1407	13872421
1408	02154416
1409	09802050
1410	10670310
1411	00171618
1412	01238640
1413	07939382
1414	09622745
1415	00756780
1416	09784707
1417	13285714
1418	07362075
1419	05794403
1420	05560244
1421	03748886
1422	02440244
1423	10215623
1424	00341695
1425	01458464
1426	05793000
1427	05294819
1428	00808855
1429	08189659
1430	04802776
1431	04081844
1432	00201671
1433	10285762
1434	13286640
1435	08057633
1436	00811375
1437	04933544
1438	09624980
1439	00941974
1440	02432530
1441	02486932
1442	01878719
1443	04729328
1444	05481095
1445	15256022
1446	03459775
1447	06628861
1448	03018498
1449	01923414
1450	07185076
1451	10053808
1452	08656590
1453	00788184
1454	02035919
1455	02056466
1456	02074677
1457	01241073
1458	06793231
1459	01678685
1460	10557854
1461	10003283
1462	05946687
1463	02711987
1464	02681084
1465	02051694
1466	04515129
1467	05537576
1468	01155687
1469	01133281
1470	02150510
1471	07432559
1472	07567390
1473	09755241
1474	07070429
1475	00670991
1476	04588365
1477	05138488
1478	00015388
1479	00050037
1480	00403466
1481	10030277
1482	05176188
1483	00927017
1484	00210797
1485	08062623
1486	02539788
1487	00324834
1488	00908672
1489	02180797
1490	13359572
1491	09810166
1492	05202284
1493	13860793
1494	04766620
1495	09976429
1496	01928608
1497	05805475
1498	11531090
1499	07326880
1500	03081021
1501	02877704
1502	01212572
1503	08110373
1504	07353075
1505	14574846
1506	05578251
1507	08624385
1508	06345131
1509	07248801
1510	07963087
1511	01128390
1512	02338975
1513	09448361
1514	07211092
1515	07162194
1516	01048912
1517	00115157
1518	07510923
1519	00859325
1520	02209499
1521	00155487
1522	07959016
1523	05738625
1524	09769636
1525	13754293
1526	01221611
1527	00019613
1528	02919414
1529	01243474
1530	15258281
1531	00474017
1532	00854904
1533	06731510
1534	03040587
1535	01653013
1536	04080833
1537	00839619
1538	00660971
1539	02278939
1540	05385534
1541	07140978
1542	03722007
1543	04461696
1544	08567877
1545	02336483
1546	05197797
1547	05704266
1548	00075135
1549	00359903
1550	00782057
1551	01501184
1552	04019696
1553	01189282
1554	00922327
1555	10227985
1556	05435277
1557	09606009
1558	01039330
1559	07359599
1560	02386388
1561	05779712
1562	00955060
1563	02572119
1564	07500741
1565	00582868
1566	09617867
1567	02159427
1568	05758059
1569	01086103
1570	00903559
1571	01549187
1572	01865197
1573	05002822
1574	05371663
1575	03194812
1576	13465530
1577	01752167
1578	01021420
1579	00940412
1580	04898208
1581	00641252
1582	00818974
1583	01013434
1584	00707366
1585	14016361
1586	03354613
1587	01034312
1588	06799897
1589	00360757
1590	10786517
1591	07414566
1592	01342529
1593	00050693
1594	00824066
1595	02034828
1596	13896369
1597	05800998
1598	09909060
1599	02285629
1600	02418872
1601	00803325
1602	02527085
1603	02603699
1604	07099271
1605	09901642
1606	05329215
1607	15142167
1608	02479323
1609	02282506
1610	07177924
1611	14507951
1612	00300761
1613	13812607
1614	05160796
1615	07185668
1616	05768415
1617	00380083
1618	06797671
1619	00730301
1620	06172502
1621	02451575
1622	01919931
1623	06885083
1624	06681551
1625	01193886
1626	00964911
1627	00722232
1628	06780678
1629	00910973
1630	01288052
1631	02634265
1632	03838160
1633	00708980
1634	09379111
1635	07006951
1636	14007546
1637	03562126
1638	05927813
1639	05755156
1640	06770875
1641	05584928
1642	10484858
1643	00908351
1644	05978159
1645	13810323
1646	02636516
1647	00060201
1648	02545272
1649	01333082
1650	06568978
1651	01142519
1652	01226941
1653	01742886
1654	00969873
1655	07139700
1656	00249313
1657	03496892
1658	00625774
1659	00041899
1660	06516955
1661	06157326
1662	00570590
1663	01792567
1664	01200440
1665	06634376
1666	00955601
1667	03297735
1668	10113997
1669	02874282
1670	00581891
1671	07194499
1672	01998793
1673	10480253
1674	01752495
1675	00494907
1676	10716389
1677	08188449
1678	01930512
1679	01181902
1680	05708432
1681	00906735
1682	10532576
1683	03892891
1684	01644746
1685	00626800
1686	06650070
1687	05837957
1688	06171040
1689	02431971
1690	01657828
1691	01178565
1692	02455407
1693	10665698
1694	01410363
1695	03017922
1696	01001294
1697	04585745
1698	00215800
1699	04065464
1700	02559180
1701	06605396
1702	02201644
1703	01720660
1704	13555775
1705	01448100
1706	01030132
1707	01485158
1708	00927049
1709	01921964
1710	02171039
1711	02918595
1712	00002573
1713	05395098
1714	13447361
1715	00898518
1716	01309478
1717	02128653
1718	10006842
1719	01539633
1720	09614684
1721	00070816
1722	00729378
1723	02553697
1724	02225510
1725	00146572
1726	15046900
1727	02062212
1728	00480969
1729	00386676
1730	01988080
1731	03197446
1732	00952524
1733	06043075
1734	02743547
1735	13477462
1736	07390400
1737	01177314
1738	13813765
1739	05511286
1740	06694796
1741	05017458
1742	00156812
1743	00611802
1744	00447309
1745	10076957
1746	02627934
1747	04865722
1748	01194938
1749	02730471
1750	10383237
1751	02581900
1752	05220461
1753	02614181
1754	01156834
1755	01332730
1756	05485314
1757	07420770
1758	05309591
1759	00509607
1760	03209910
1761	09632518
1762	00293141
1763	00769092
1764	02349212
1765	01080366
1766	07098193
1767	02343816
1768	10646942
1769	05128519
1770	04728786
1771	05691376
1772	00186616
1773	01854132
1774	07335243
1775	01160342
1776	00820352
1777	03058107
1778	00044150
1779	13863771
1780	00114837
1781	01695567
1782	02464132
1783	00566298
1784	07357679
1785	00954608
1786	04422875
1787	00863433
1788	01094086
1789	05944958
1790	14017332
1791	02422026
1792	01888295
1793	05781347
1794	00215314
1795	10520804
1796	00572489
1797	13740168
1798	01989873
1799	03082979
1800	00237511
1801	01252425
1802	00403334
1803	10209082
1804	01974062
1805	09855630
1806	09178821
1807	10626867
1808	02838592
1809	00021766
1810	00612042
1811	06254475
1812	06135915
1813	02107248
1814	00794079
1815	02420232
1816	02425913
1817	00776523
1818	00348746
1819	06394701
1820	14504726
1821	00144694
1822	01011031
1823	08123167
1824	00205543
1825	07089751
1826	00617989
1827	00684480
1828	09975425
1829	01583494
1830	05602132
1831	00301187
1832	08324514
1833	02550296
1834	00213343
1835	14407899
1836	00967455
1837	01769843
1838	02451113
1839	09997404
1840	03010473
1841	06759349
1842	05248181
1843	00182269
1844	01108148
1845	01177118
1846	14514039
1847	00698855
1848	07216083
1849	01967104
1850	00912473
1851	01019372
1852	07477945
1853	05559727
1854	08186047
1855	03836062
1856	05157866
1857	00364064
1858	00657604
1859	03736970
1860	08376051
1861	00736216
1862	00807178
1863	00084230
1864	00563824
1865	00773432
1866	08438067
1867	06629858
1868	04446521
1869	09878275
1870	01641914
1871	00066191
1872	00907147
1873	00785690
1874	14285662
1875	04689660
1876	08679972
1877	13459088
1878	11675842
1879	05823054
1880	06797169
1881	00413876
1882	05788149
1883	07296190
1884	13555446
1885	13289467
1886	14940100
1887	02593001
1888	09882716
1889	00630223
1890	02030158
1891	05653848
1892	02515341
1893	02399331
1894	01177505
1895	00932624
1896	01806505
1897	05855125
1898	09761403
1899	05237755
1900	02682424
1901	06417598
1902	00147595
1903	01202184
1904	01462468
1905	06875697
1906	10372076
1907	01240210
1908	14450691
1909	13889843
1910	04679549
1911	06889330
1912	07342049
1913	00849982
1914	05937112
1915	01036804
1916	14001348
1917	05465567
1918	04546855
1919	02454312
1920	04125853
1921	02028994
1922	00797878
1923	05566097
1924	00546192
1925	01094725
1926	00306426
1927	14425414
1928	05832264
1929	02215355
1930	05652396
1931	03882611
1932	03431243
1933	15267536
1934	10743675
1935	00859153
1936	02744651
1937	02498320
1938	00445467
1939	01507134
1940	05888929
1941	08482271
1942	05279688
1943	05466005
1944	06792645
1945	03109693
1946	02323059
1947	05933246
1948	00876332
1949	10395605
1950	05735478
1951	07369604
1952	02265231
1953	01256417
1954	04526241
1955	00204943
1956	00443384
1957	05117660
1958	00798717
1959	03546340
1960	04826235
1961	05832745
1962	08199025
1963	06753299
1964	10757492
1965	04689450
1966	01199035
1967	14418395
1968	01899891
1969	04149083
1970	05857459
1971	05423779
1972	00885217
1973	00121865
1974	03109881
1975	07175241
1976	06321054
1977	00592102
1978	02444159
1979	00220869
1980	06722453
1981	14702416
1982	15271008
1983	00422551
1984	05240850
1985	04711435
1986	08233056
1987	06714420
1988	00838098
1989	04096848
1990	01230965
1991	01766748
1992	08166318
1993	03699975
1994	01123598
1995	06738281
1996	14285276
1997	02500902
1998	15003969
1999	07139316
2000	05343718
2001	10608385
2002	10042690
2003	04105893
2004	03686658
2005	08400965
2006	02248465
2007	10168012
2008	14414715
2009	13354985
2010	02898711
2011	00781912
2012	02468793
2013	15280497
2014	05476256
2015	15113229
2016	07003119
2017	04692157
2018	02082690
2019	09821253
2020	05168261
2021	10069296
2022	01176897
2023	09387222
2024	08292756
2025	05088324
2026	02267989
2027	10740219
2028	01662118
2029	06364149
2030	00897746
2031	14548343
2032	13491060
2033	00237869
2034	00732224
2035	02340543
2036	03588414
2037	02694287
2038	00315986
2039	07335097
2040	05582305
2041	02304648
2042	00784342
2043	04076846
2044	10466918
2045	00285889
2046	07926127
2047	06694540
2048	00226618
2049	02213690
2050	07201804
2051	00548173
2052	07290905
2053	02607909
2054	11452218
2055	13864965
2056	07339329
2057	00928630
2058	14535643
2059	00591115
2060	05623818
2061	02710402
2062	03194992
2063	06650431
2064	00298767
2065	00474492
2066	10513120
2067	06761603
2068	10645611
2069	01239359
2070	02760116
2071	05293773
2072	00053913
2073	01458973
2074	04733640
2075	01492052
2076	00609953
2077	01619725
2078	01469263
2079	07262704
2080	07110615
2081	02613487
2082	01227675
2083	00914632
2084	00171586
2085	00037457
2086	07414740
2087	04188368
2088	09213828
2089	00004258
2090	06608728
2091	00112312
2092	07985223
2093	05388805
2094	07111047
2095	05661996
2096	13999663
2097	05776015
2098	09451517
2099	00797697
2100	01147060
2101	09630641
2102	05289057
2103	02002720
2104	00095502
2105	04682462
2106	09947232
2107	00921072
2108	06193203
2109	02110220
2110	01232412
2111	02185988
2112	01953810
2113	10178216
2114	05952490
2115	02148788
2116	01549905
2117	03211117
2118	07251779
2119	04485226
2120	09911570
2121	04184435
2122	05786372
2123	00443116
2124	00282485
2125	00392950
2126	09974054
2127	02669081
2128	02390470
2129	14938907
2130	04516874
2131	10767519
2132	14421139
2133	05565696
2134	05300231
2135	00913065
2136	10034201
2137	08357784
2138	02744977
2139	00540946
2140	00039021
2141	05072663
2142	00902424
2143	10393909
2144	06782019
2145	14597158
2146	00351638
2147	06891493
2148	02698944
2149	05762998
2150	10005280
2151	15253139
2152	00623370
2153	02650840
2154	01788733
2155	00023773
2156	00432683
2157	06643408
2158	11499284
2159	00680841
2160	07176962
2161	06731378
2162	01841079
2163	06346461
2164	00506658
2165	01037650
2166	00931847
2167	02760658
2168	01810447
2169	10596899
2170	01230710
2171	10521662
2172	02229828
2173	01298931
2174	02150948
2175	09628382
2176	00200397
2177	03839993
2178	05840650
2179	10034906
2180	07975026
2181	00274707
2182	08107499
2183	07311661
2184	01190884
2185	01538310
2186	01030832
2187	00849357
2188	00306314
2189	01261490
2190	02176268
2191	08166187
2192	01474513
2193	07550666
2194	14534696
2195	00974367
2196	01744611
2197	02545578
2198	01563005
2199	01591621
2200	08462205
2201	05663671
2202	01559055
2203	05701363
2204	05702275
2205	00157957
2206	01803380
2207	08441203
2208	01455866
2209	02842445
2210	03391770
2211	08109624
2212	01053207
2213	08078020
2214	00173764
2215	01083504
2216	00364479
2217	01295275
2218	08008017
2219	04802629
2220	00190783
2221	14035298
2222	00991151
2223	00965871
2224	02193194
2225	00555138
2226	06736405
2227	01834918
2228	00714531
2229	00343334
2230	08064130
2231	02578235
2232	00489837
2233	00289082
2234	01981036
2235	02991302
2236	01629276
2237	01621555
2238	00803394
2239	02576349
2240	10206173
2241	01870867
2242	07434102
2243	00775156
2244	00926472
2245	02156063
2246	02049696
2247	05445668
2248	02495922
2249	05790242
2250	10161363
2251	00751887
2252	01194331
2253	13085864
2254	00785470
2255	06253690
2256	00604617
2257	10044879
2258	13989627
2259	00066216
2260	00639975
2261	01633173
2262	10487182
2263	00644066
2264	01347678
2265	14379130
2266	04701460
2267	07248060
2268	09206985
2269	05824739
2270	00715074
2271	10308275
2272	04618070
2273	01306654
2274	03906997
2275	09283623
2276	00059019
2277	01457954
2278	00676450
2279	07208708
2280	09862345
2281	04617562
2282	01378123
2283	03899328
2284	01140471
2285	04837425
2286	10605985
2287	04209239
2288	13960117
2289	02391803
2290	00165942
2291	02278830
2292	02761834
2293	04700642
2294	08050678
2295	04296562
2296	00745187
2297	00430370
2298	05810948
2299	00590924
2300	05145891
2301	00872886
2302	05623628
2303	01558883
2304	06177033
2305	01538161
2306	01644522
2307	01999798
2308	02030424
2309	05793554
2310	05797597
2311	02902250
2312	00952182
2313	07223985
2314	13440063
2315	01262113
2316	10464178
2317	02741357
2318	00348008
2319	10126177
2320	01041111
2321	03221720
2322	00047945
2323	01741446
2324	00010435
2325	08418103
2326	00078760
2327	03020034
2328	00590047
2329	08612786
2330	04531098
2331	01459896
2332	01876907
2333	02525447
2334	10334957
2335	02084104
2336	07172756
2337	05640433
2338	13980288
2339	01074694
2340	00354845
2341	01369758
2342	05546540
2343	10118844
2344	00805034
2345	03249342
2346	00093327
2347	05289861
2348	00407535
2349	00453731
2350	02448185
2351	07344663
2352	04662951
2353	02679899
2354	04936846
2355	01069391
2356	00824767
2357	00933154
2358	03234306
2359	01249060
2360	01588493
2361	01279978
2362	01932973
2363	00069879
2364	00208836
2365	00382635
2366	00638981
2367	02290998
2368	05032565
2369	00355955
2370	01678519
2371	07313814
2372	05432736
2373	02678438
2374	01661804
2375	01282014
2376	01704953
2377	01173038
2378	00434374
2379	05328867
2380	07286905
2381	07488340
2382	01714208
2383	09887034
2384	00084738
2385	01189001
2386	00652346
2387	02807731
2388	10738515
2389	05838176
2390	06687358
2391	10054657
2392	09048460
2393	00669970
2394	05733583
2395	00924612
2396	00952841
2397	00720565
2398	09931640
2399	07528470
2400	06468123
2401	08566028
2402	07132415
2403	05335310
2404	00429060
2405	00235435
2406	00034574
2407	01329239
2408	00242808
2409	01209678
2410	04176528
2411	00231557
2412	00648224
2413	05578442
2414	14412725
2415	09958892
2416	00077419
2417	10524973
2418	00506672
2419	06055300
2420	01471682
2421	01062583
2422	04835724
2423	01086081
2424	04110439
2425	09786922
2426	02974219
2427	01534147
2428	00908621
2429	05035961
2430	08368907
2431	06397903
2432	02981759
2433	03103128
2434	00766418
2435	01428381
2436	00194969
2437	07218470
2438	00597915
2439	02627555
2440	14373582
2441	04321238
2442	00868591
2443	03599351
2444	07885223
2445	10538154
2446	02153709
2447	07942152
2448	09178999
2449	10461424
2450	00636461
2451	02075462
2452	00686447
2453	00557813
2454	07365193
2455	01612053
2456	00528990
2457	05905348
2458	00716531
2459	07356676
2460	02732798
2461	02531625
2462	05199286
2463	02089984
2464	04151581
2465	10235549
2466	00203342
2467	02492362
2468	04424218
2469	05221895
2470	00943281
2471	00715674
2472	08179879
2473	00574218
2474	06373747
2475	02671421
2476	00427853
2477	00751944
2478	10159714
2479	07423899
2480	15274074
2481	01346003
2482	02938886
2483	01032040
2484	03432129
2485	00643473
2486	11447851
2487	01989669
2488	00931555
2489	03327841
2490	14806838
2491	00140900
2492	03695122
2493	01718867
2494	07232655
2495	09349648
2496	00112997
2497	02472223
2498	01987727
2499	00508032
2500	00961001
2501	01986538
2502	00099721
2503	01747945
2504	01088923
2505	02342132
2506	00670261
2507	01540449
2508	10383505
2509	13732078
2510	10523076
2511	09800964
2512	10421470
2513	13096863
2514	00905852
2515	10637635
2516	04768657
2517	00258665
2518	00606370
2519	00923793
2520	00444309
2521	01328705
2522	06601327
2523	00191980
2524	00218427
2525	07521039
2526	00768062
2527	02648253
2528	00371487
2529	01036333
2530	04590746
2531	02809692
2532	00720063
2533	01261974
2534	02995345
2535	07565259
2536	09429387
2537	02014553
2538	02571511
2539	01027508
2540	02653706
2541	06153846
2542	00732552
2543	06740919
2544	05896059
2545	02727883
2546	04153751
2547	00028362
2548	06289250
2549	02582450
2550	06776138
2551	10012989
2552	05305806
2553	13480667
2554	00262249
2555	04162998
2556	00731789
2557	01468327
2558	00827730
2559	08403225
2560	00125841
2561	00318735
2562	01108753
2563	00806502
2564	06389553
2565	01835496
2566	02654416
2567	01711445
2568	07066659
2569	05979454
2570	00772967
2571	01214265
2572	06711855
2573	07433662
2574	11480930
2575	15224486
2576	05849284
2577	01867295
2578	01636008
2579	02179279
2580	00279835
2581	05297523
2582	01645601
2583	05532225
2584	02650552
2585	01923909
2586	07497976
2587	02510337
2588	04105438
2589	07252378
2590	10629020
2591	00896555
2592	02539334
2593	07246036
2594	01350449
2595	03233905
2596	01711749
2597	05704694
2598	00277569
2599	13307784
2600	00209943
2601	14436438
2602	00048225
2603	02151700
2604	15244650
2605	01040646
2606	01198307
2607	00276373
2608	00732960
2609	01377032
2610	10332385
2611	00765977
2612	01734502
2613	01148614
2614	07416714
2615	07007684
2616	13549672
2617	00961586
2618	10204921
2619	02624263
2620	05710210
2621	00889229
2622	00278403
2623	05229622
2624	00952963
2625	04821084
2626	00771961
2627	00870453
2628	00234725
2629	00860292
2630	02296726
2631	00596807
2632	02840619
2633	02517442
2634	00359614
2635	13095685
2636	07136940
2637	02730568
2638	02205272
2639	01222477
2640	06741305
2641	08119821
2642	01758308
2643	06158346
2644	05299178
2645	01085098
2646	01016778
2647	06712833
2648	10567401
2649	10468559
2650	01783158
2651	02518161
2652	01151110
2653	01986367
2654	00618682
2655	02060141
2656	02309341
2657	07307754
2658	13547199
2659	08673395
2660	00607405
2661	00374534
2662	00991683
2663	05551318
2664	00672017
2665	00021939
2666	08513718
2667	02128286
2668	00282076
2669	05802912
2670	07976936
2671	00933000
2672	00710005
2673	09773962
2674	00243900
2675	06610992
2676	02589013
2677	00390581
2678	09981540
2679	13809207
2680	00440286
2681	05609884
2682	00636888
2683	00838043
2684	00918820
2685	08081668
2686	00138956
2687	05309050
2688	10593115
2689	00880662
2690	00884011
2691	04105068
2692	01259005
2693	03222959
2694	01817500
2695	00385791
2696	00995119
2697	04211528
2698	00588598
2699	03084204
2700	01383638
2701	01293389
2702	02228698
2703	00372665
2704	10660333
2705	01410223
2706	07197021
2707	04734885
2708	01119169
2709	10553805
2710	03575240
2711	00647542
2712	04341686
2713	01224001
2714	05555473
2715	00033599
2716	10563826
2717	05090441
2718	02806907
2719	10634316
2720	01725051
2721	03932203
2722	01008947
2723	07242104
2724	03671473
2725	01009190
2726	15153472
2727	09469285
2728	07154330
2729	14873641
2730	02058191
2731	09770949
2732	10349243
2733	06729499
2734	08419163
2735	00105333
2736	01278427
2737	01135952
2738	05907682
2739	10404672
2740	01076046
2741	01987938
2742	00823436
2743	10624540
2744	03017070
2745	10045454
2746	09937688
2747	01008378
2748	05556204
2749	01449053
2750	05338410
2751	04935528
2752	02207206
2753	06128570
2754	02438535
2755	09848489
2756	01987545
2757	03244388
2758	03773035
2759	02655135
2760	00829378
2761	05282433
2762	08009834
2763	01626138
2764	01021629
2765	02178866
2766	00230033
2767	07410021
2768	15286042
2769	09943541
2770	02713594
2771	09754907
2772	00904046
2773	10387712
2774	01031705
2775	05261404
2776	00677544
2777	03270165
2778	10564224
2779	05501711
2780	02029663
2781	10526927
2782	01276970
2783	09941383
2784	05825245
2785	10491575
2786	00335366
2787	05870180
2788	00158185
2789	02933462
2790	02084252
2791	04692908
2792	01921204
2793	05830059
2794	10036266
2795	00838856
2796	09889691
2797	01129977
2798	05981768
2799	09823287
2800	00209174
2801	05967977
2802	01375637
2803	00933821
2804	03674440
2805	00991900
2806	10409752
2807	00043683
2808	00658082
2809	07649854
2810	06998748
2811	00649481
2812	13858604
2813	01198750
2814	01066881
2815	01590171
2816	07296428
2817	10052843
2818	00978173
2819	00137313
2820	00242583
2821	15140405
2822	06374587
2823	01476483
2824	00520257
2825	08381636
2826	06095022
2827	13905405
2828	01637166
2829	10482220
2830	00100543
2831	01653873
2832	00442267
2833	05616246
2834	08063446
2835	03004358
2836	05552607
2837	07080868
2838	05538625
2839	00996485
2840	09824609
2841	07252206
2842	10309896
2843	09607630
2844	09313716
2845	03574816
2846	02274253
2847	09767197
2848	10266848
2849	02128873
2850	01498769
2851	07186828
2852	14403282
2853	01871979
2854	00467719
2855	01634424
2856	00921738
2857	01033458
2858	01069190
2859	00294245
2860	01555742
2861	01572510
2862	07373803
2863	01426397
2864	02681795
2865	02541251
2866	03366721
2867	08310389
2868	10722385
2869	09946957
2870	01531998
2871	05417975
2872	00313987
2873	01058574
2874	00783063
2875	06256229
2876	00531302
2877	01003249
2878	07794159
2879	02467662
2880	08478482
2881	14018567
2882	15266265
2883	06182144
2884	04179385
2885	00205598
2886	00090708
2887	08101085
2888	02756098
2889	13285176
2890	00971999
2891	01538469
2892	06753800
2893	00116376
2894	04019101
2895	03005920
2896	00433232
2897	00835903
2898	04294614
2899	08056231
2900	05111835
2901	10086074
2902	02251743
2903	01824244
2904	07247071
2905	00300537
2906	04248607
2907	01022008
2908	10743124
2909	00338071
2910	00752144
2911	00266806
2912	07217924
2913	03180504
2914	00360143
2915	07290278
2916	05600637
2917	10442417
2918	03213014
2919	10203949
2920	01084637
2921	13508651
2922	01746605
2923	07370671
2924	01016832
2925	02454649
2926	00721098
2927	05124057
2928	03471030
2929	04702688
2930	00220522
2931	10161178
2932	00944924
2933	06504462
2934	05993844
2935	01718952
2936	03903424
2937	01647229
2938	00400883
2939	00548781
2940	00068333
2941	00967098
2942	05250659
2943	02502916
2944	01979901
2945	01783022
2946	07130050
2947	09279458
2948	01633825
2949	02742842
2950	06593099
2951	02913152
2952	02283716
2953	01666131
2954	00681429
2955	04819026
2956	02157557
2957	07222823
2958	00471196
2959	10451263
2960	05302499
2961	01729431
2962	01145359
2963	02487718
2964	00307631
2965	10724699
2966	05752544
2967	05539138
2968	13929852
2969	01197258
2970	00278555
2971	00193486
2972	02706046
2973	00779248
2974	06873252
2975	13986372
2976	02011810
2977	08252211
2978	06743230
2979	05701944
2980	07138915
2981	13896100
2982	10209246
2983	05637558
2984	00214951
2985	07405893
2986	01033189
2987	05670972
2988	00925207
2989	00142191
2990	00712135
2991	08510666
2992	00476389
2993	02141973
2994	05593871
2995	15272029
2996	01474209
2997	08239808
2998	09928451
2999	05902545
3000	05088056
3001	07298982
3002	00043902
3003	07346057
3004	01046480
3005	02166460
3006	08122141
3007	05581693
3008	01389942
3009	05550330
3010	02043665
3011	01225783
3012	07370410
3013	07324673
3014	01726172
3015	06523132
3016	04673965
3017	00746479
3018	05748285
3019	00719734
3020	13489037
3021	06372095
3022	06208751
3023	01256600
3024	00250710
3025	03975232
3026	00274941
3027	00697062
3028	07475364
3029	03308152
3030	05896733
3031	10251779
3032	03238131
3033	00990812
3034	04171831
3035	04940964
3036	01423285
3037	00359492
3038	00290276
3039	04716864
3040	09926862
3041	00623670
3042	02056880
3043	00397576
3044	04668819
3045	03295140
3046	08008335
3047	01327301
3048	05194151
3049	03876519
3050	00340463
3051	10599354
3052	02660147
3053	02620724
3054	10729175
3055	08188638
3056	05397178
3057	04650527
3058	02330742
3059	00475183
3060	00415044
3061	08567235
3062	00318035
3063	01548576
3064	01062817
3065	11458624
3066	01202904
3067	01645421
3068	05816287
3069	01516290
3070	00121166
3071	00203753
3072	01803003
3073	02665803
3074	00811355
3075	05528854
3076	05901508
3077	02413480
3078	04602044
3079	07215377
3080	15265518
3081	07073208
3082	03563967
3083	13306870
3084	09243769
3085	00883297
3086	08436759
3087	10292316
3088	02125223
3089	00027167
3090	15152817
3091	02487573
3092	04608567
3093	02648639
3094	02685299
3095	03281145
3096	01658188
3097	09624559
3098	03764276
3099	05549830
3100	03294833
3101	08574314
3102	07202579
3103	03537412
3104	00306102
3105	02037090
3106	04039041
3107	06589574
3108	07491038
3109	01194904
3110	02456031
3111	14920388
3112	04928903
3113	00006336
3114	13480848
3115	00147187
3116	03744840
3117	08620763
3118	02632940
3119	05172596
3120	02407338
3121	01635056
3122	00235918
3123	14491271
3124	03294048
3125	06756680
3126	05268965
3127	07389569
3128	01902783
3129	06253371
3130	01686132
3131	00096343
3132	04861486
3133	01778212
3134	02128066
3135	05910453
3136	00263813
3137	07423365
3138	01012712
3139	02697725
3140	00893435
3141	00855512
3142	06787150
3143	01449974
3144	00614489
3145	09620078
3146	00908492
3147	10425946
3148	05112609
3149	01004062
3150	02023107
3151	00617748
3152	01206153
3153	05800611
3154	11552386
3155	07289014
3156	03875218
3157	06362953
3158	00198451
3159	00419289
3160	08101410
3161	02569790
3162	05833840
3163	13252973
3164	00354634
3165	09964411
3166	06771653
3167	00688377
3168	02755352
3169	02635659
3170	13275847
3171	00611143
3172	00779061
3173	00828374
3174	00260648
3175	05271383
3176	04151940
3177	00055871
3178	05891572
3179	03316406
3180	04447028
3181	02518813
3182	04007894
3183	04770211
3184	02851099
3185	03061081
3186	08591680
3187	00752431
3188	00692329
3189	02213074
3190	00515154
3191	13790712
3192	02220461
3193	13366912
3194	05462315
3195	04935239
3196	00523513
3197	01169744
3198	10680609
3199	00794367
3200	06060845
3201	10708454
3202	01252280
3203	00367685
3204	13894306
3205	00643250
3206	00190999
3207	01363482
3208	02484570
3209	00899292
3210	06648724
3211	13814041
3212	00922144
3213	00888009
3214	04060647
3215	00818553
3216	00218045
3217	05108947
3218	10148305
3219	14578471
3220	01801600
3221	05650579
3222	01372049
3223	00123170
3224	02608823
3225	15295416
3226	06398401
3227	02009433
3228	04693900
3229	02464693
3230	10583387
3231	00609236
3232	00036362
3233	00978549
3234	00348571
3235	11412727
3236	01038666
3237	00739662
3238	04761212
3239	06691442
3240	01930117
3241	11418750
3242	09794917
3243	04733204
3244	06755568
3245	04767347
3246	00760956
3247	01772960
3248	00211110
3249	05892096
3250	02703539
3251	00632627
3252	01769902
3253	01909397
3254	02450256
3255	06818121
3256	01227235
3257	14462666
3258	01642924
3259	00044797
3260	06369829
3261	00180413
3262	06115701
3263	05772667
3264	01632411
3265	00897564
3266	06037666
3267	05593476
3268	01685313
3269	00036178
3270	15271417
3271	07540866
3272	09824361
3273	14578104
3274	13408980
3275	01793177
3276	00387310
3277	04170037
3278	04728068
3279	04649261
3280	03733925
3281	04750764
3282	13299651
3283	01011725
3284	09610660
3285	04878861
3286	01301051
3287	13152742
3288	04879092
3289	00151689
3290	10510339
3291	09921409
3292	06712325
3293	00407633
3294	02685951
3295	08378356
3296	01428580
3297	10003120
3298	01378556
3299	01137138
3300	03365991
3301	05534333
3302	14379501
3303	00989602
3304	01987160
3305	02427103
3306	10252547
3307	09612848
3308	08054417
3309	00237078
3310	03996416
3311	14445226
3312	04871720
3313	09974648
3314	07254057
3315	01062555
3316	05549061
3317	04694441
3318	05379734
3319	04188643
3320	05831784
3321	01525666
3322	00381680
3323	01466978
3324	00907657
3325	00063652
3326	05632446
3327	01319874
3328	08566554
3329	00147454
3330	00332835
3331	01635432
3332	10247044
3333	10323182
3334	04895246
3335	04551055
3336	00975902
3337	02509919
3338	00114431
3339	04526964
3340	00479391
3341	00758627
3342	06649915
3343	09792237
3344	05638987
3345	00763901
3346	00938247
3347	10523519
3348	00248659
3349	01439745
3350	00044149
3351	05318606
3352	00900957
3353	10658304
3354	09927451
3355	09930257
3356	05919866
3357	02735688
3358	10784922
3359	02221959
3360	04004475
3361	09923673
3362	01821423
3363	02577586
3364	05287882
3365	01930874
3366	04760771
3367	01049266
3368	05282746
3369	10012484
3370	10642151
3371	10556518
3372	07002992
3373	10115082
3374	00094460
3375	07238694
3376	01005579
3377	02285392
3378	02410855
3379	04650201
3380	09942970
3381	05149325
3382	01129201
3383	01163620
3384	01026095
3385	04152593
3386	00861560
3387	01105259
3388	00869583
3389	14778436
3390	00798245
3391	10319796
3392	06681177
3393	05462057
3394	02719399
3395	03091374
3396	02065085
3397	01414626
3398	00262703
3399	10619492
3400	00953058
3401	04181228
3402	00630026
3403	07528212
3404	06022291
3405	00836705
3406	00494269
3407	05594037
3408	01133876
3409	08054721
3410	08511241
3411	00539110
3412	00593944
3413	00446514
3414	07452841
3415	00856824
3416	02530167
3417	02295208
3418	00019792
3419	00829761
3420	01020356
3421	10529231
3422	04160372
3423	01101391
3424	02069248
3425	05943300
3426	00795785
3427	01755504
3428	05808102
3429	01400044
3430	04850117
3431	13451804
3432	06136258
3433	00831651
3434	02020590
3435	00795264
3436	06734467
3437	07993109
3438	01131197
3439	06602935
3440	00799383
3441	15144371
3442	13135832
3443	01013770
3444	03746574
3445	07319909
3446	03669886
3447	01761706
3448	00164152
3449	05922949
3450	01780202
3451	01017320
3452	01335804
3453	02578510
3454	08497294
3455	03600977
3456	02697950
3457	06255354
3458	01767661
3459	05760202
3460	01484982
3461	15145171
3462	05217859
3463	05772215
3464	01070102
3465	00205649
3466	07961480
3467	01636221
3468	03430959
3469	05763916
3470	05660937
3471	00612652
3472	01640550
3473	06251781
3474	00903385
3475	00317207
3476	01466257
3477	09851876
3478	10597505
3479	13368052
3480	08160276
3481	03691128
3482	05764197
3483	07140659
3484	10495167
3485	13446390
3486	01078783
3487	05656537
3488	02116118
3489	00703512
3490	06522501
3491	00916123
3492	00052672
3493	02410393
3494	01629958
3495	03125057
3496	01548718
3497	00298161
3498	05567217
3499	00356621
3500	01719302
3501	01380638
3502	02071627
3503	15257553
3504	15140892
3505	00024814
3506	03916720
3507	00156625
3508	03087366
3509	03800933
3510	07467846
3511	01376245
3512	00803617
3513	01883344
3514	07292694
3515	05161614
3516	02265979
3517	02651014
3518	07205573
3519	05595083
3520	09944160
3521	01460421
3522	05651399
3523	05803212
3524	00737884
3525	01237415
3526	00747135
3527	00986027
3528	01207609
3529	02514187
3530	00813978
3531	01455184
3532	02749247
3533	00926668
3534	10583250
3535	02283324
3536	07330828
3537	00774107
3538	01650425
3539	06807198
3540	00610373
3541	00689673
3542	00421437
3543	00632236
3544	13941125
3545	00658627
3546	05502556
3547	01505254
3548	04723816
3549	02140033
3550	01963942
3551	02310007
3552	02748927
3553	00623151
3554	05324553
3555	05125377
3556	00682230
3557	06410776
3558	04490091
3559	02406916
3560	13954818
3561	00372977
3562	03247620
3563	13971065
3564	06045562
3565	01046984
3566	02066510
3567	06767035
3568	10080869
3569	02170427
3570	00929718
3571	00615887
3572	02145543
3573	00548326
3574	14547369
3575	09258715
3576	03739518
3577	02037708
3578	01807882
3579	02511551
3580	02851001
3581	07311115
3582	01762839
3583	06731186
3584	02179518
3585	14407536
3586	05785885
3587	02426395
3588	01968569
3589	05010062
3590	09609232
3591	01817314
3592	02387486
3593	00446695
3594	00444519
3595	03949442
3596	00156390
3597	00122954
3598	00624263
3599	09627906
3600	05280831
3601	00804695
3602	00785962
3603	08623927
3604	01511706
3605	04779649
3606	13903079
3607	13403643
3608	01843904
3609	06671637
3610	01070187
3611	00945401
3612	00074038
3613	01362736
3614	05069199
3615	01168569
3616	06506757
3617	05395286
3618	02412939
3619	06367107
3620	04630689
3621	00640828
3622	07548366
3623	00835267
3624	00971650
3625	09608709
3626	02229550
3627	00468480
3628	05504107
3629	05721180
3630	00126264
3631	05838765
3632	05271814
3633	10451590
3634	13779032
3635	05753564
3636	01139865
3637	02728440
3638	05051896
3639	01280645
3640	00924431
3641	10339504
3642	01215168
3643	02501738
3644	00058002
3645	00868910
3646	01067070
3647	00230172
3648	05669934
3649	06467445
3650	02861617
3651	13793504
3652	02574205
3653	01140839
3654	02996605
3655	01322675
3656	00734348
3657	05141222
3658	02240881
3659	01014731
3660	02690093
3661	02338386
3662	10381369
3663	00022686
3664	14562960
3665	01296462
3666	04770911
3667	02169891
3668	02036339
3669	01170962
3670	02383440
3671	07240925
3672	00200863
3673	01080064
3674	04154152
3675	14498096
3676	05787005
3677	01082606
3678	05558717
3679	02081178
3680	01374020
3681	00813044
3682	06685198
3683	10732314
3684	00731222
3685	00003553
3686	04841358
3687	08550076
3688	00082563
3689	00904690
3690	04341414
3691	02694426
3692	06470073
3693	01538928
3694	15255641
3695	00470701
3696	06367373
3697	10648237
3698	01332205
3699	03526198
3700	00240754
3701	00114871
3702	00575970
3703	09269972
3704	01325774
3705	01158872
3706	01033527
3707	02038357
3708	03401500
3709	01680132
3710	10741821
3711	00116619
3712	13560079
3713	02586121
3714	00726300
3715	07407970
3716	04320126
3717	01202728
3718	00704690
3719	00733632
3720	01656458
3721	11512818
3722	02424254
3723	01020936
3724	02821627
3725	03894379
3726	11480698
3727	05916739
3728	05516366
3729	01802689
3730	04618781
3731	00435853
3732	07970406
3733	04366116
3734	04472243
3735	07120364
3736	00744443
3737	14488317
3738	00633864
3739	10746346
3740	02471690
3741	04916342
3742	00522751
3743	04016576
3744	05765159
3745	00049003
3746	00715239
3747	05556325
3748	13809920
3749	09805475
3750	07168131
3751	01461152
3752	04250850
3753	05310351
3754	10691600
3755	13757249
3756	05434927
3757	01466543
3758	00166172
3759	13342692
3760	00941990
3761	02581073
3762	10582746
3763	13087625
3764	02409412
3765	05430628
3766	01593254
3767	01184814
3768	02992070
3769	00613683
3770	05536370
3771	00001740
3772	01410905
3773	07476623
3774	08381436
3775	06018465
3776	01042531
3777	05818741
3778	07044917
3779	00181476
3780	00611256
3781	00145218
3782	05543177
3783	05262185
3784	00754956
3785	01667132
3786	01659248
3787	06373991
3788	01162754
3789	00841580
3790	00047317
3791	00745005
3792	00024720
3793	06764244
3794	05731779
3795	00103696
3796	05662532
3797	01557614
3798	05034225
3799	00425090
3800	03964744
3801	06648207
3802	10151570
3803	07167415
3804	01432474
3805	01021973
3806	00477941
3807	00056930
3808	05370918
3809	07938773
3810	07232421
3811	00233335
3812	00963570
3813	06115476
3814	09942431
3815	06756831
3816	00006484
3817	00993892
3818	00727791
3819	02386012
3820	10420031
3821	01191755
3822	06389230
3823	09991867
3824	00608896
3825	02469274
3826	00844941
3827	06763681
3828	00397760
3829	02376277
3830	05702726
3831	03051540
3832	01302019
3833	07214994
3834	03183080
3835	04729710
3836	00646738
3837	05786184
3838	10214637
3839	02389592
3840	15109745
3841	00916909
3842	00292672
3843	00545501
3844	10150794
3845	15258694
3846	01796346
3847	03265479
3848	00198793
3849	10467179
3850	01250908
3851	02673965
3852	09815790
3853	01323449
3854	05547508
3855	01118449
3856	01280014
3857	00652466
3858	10623354
3859	00463246
3860	01543998
3861	11677743
3862	01439190
3863	05651971
3864	00090888
3865	01658762
3866	00452512
3867	02730265
3868	10063461
3869	01076793
3870	04287153
3871	05657718
3872	10401829
3873	07258664
3874	02607455
3875	03664675
3876	09285254
3877	10728624
3878	01076359
3879	05564590
3880	02955247
3881	10541229
3882	07496755
3883	01774136
3884	01241767
3885	08191532
3886	01253277
3887	06791372
3888	01123148
3889	05544432
3890	00019128
3891	01035530
3892	00203866
3893	06890846
3894	02687172
3895	07357388
3896	02337066
3897	13582013
3898	02219094
3899	05462674
3900	00414409
3901	10004804
3902	05920791
3903	03401721
3904	02471327
3905	01346804
3906	10360101
3907	07988857
3908	07776866
3909	04877421
3910	00996448
3911	00607780
3912	01161635
3913	05192451
3914	11498040
3915	00503164
3916	01350283
3917	01023259
3918	00403092
3919	14000403
3920	01182654
3921	02706691
3922	10418841
3923	01819554
3924	05828102
3925	06057539
3926	00067990
3927	02582042
3928	00046522
3929	00119524
3930	00171590
3931	10169937
3932	07386370
3933	14425103
3934	00378985
3935	08559155
3936	00388065
3937	10577284
3938	01015310
3939	04524313
3940	05772356
3941	00692143
3942	10102506
3943	10544748
3944	06691083
3945	00369138
3946	00375625
3947	10785085
3948	13935227
3949	01194483
3950	15277730
3951	00965035
3952	03265874
3953	06709998
3954	00543233
3955	02050132
3956	07212424
3957	05984584
3958	02733122
3959	03882058
3960	09775663
3961	07226545
3962	02897524
3963	00708376
3964	05367735
3965	00737973
3966	07162545
3967	01333301
3968	14415518
3969	01846320
3970	00510050
3971	00930868
3972	05943066
3973	00852506
3974	02573127
3975	14036203
3976	00912833
3977	01566490
3978	10339966
3979	01803936
3980	00685638
3981	06714288
3982	00849523
3983	00236289
3984	08463817
3985	07243193
3986	00646271
3987	00592795
3988	04689198
3989	00067274
3990	00607114
3991	02537092
3992	06556692
3993	02383831
3994	00253761
3995	10102800
3996	00590518
3997	01059719
3998	00877083
3999	01610463
4000	13354420
4001	10516294
4002	00150287
4003	09820263
4004	07419233
4005	02468617
4006	05853449
4007	05074774
4008	01172889
4009	07045353
4010	14010148
4011	02742468
4012	07969695
4013	03178782
4014	02965783
4015	01459422
4016	02881193
4017	01864634
4018	02935017
4019	08163273
4020	01884577
4021	03499142
4022	04633197
4023	04687333
4024	01970646
4025	06743362
4026	02459633
4027	00414627
4028	01028748
4029	06399631
4030	00882948
4031	00809465
4032	04474035
4033	10363913
4034	06149484
4035	14494716
4036	06252954
4037	03167666
4038	05704096
4039	00192836
4040	03605915
4041	02154508
4042	01320009
4043	10792178
4044	01478002
4045	00532892
4046	01003570
4047	01782432
4048	00646542
4049	01166093
4050	01116380
4051	08108972
4052	06420781
4053	00280586
4054	00150202
4055	01986869
4056	09811712
4057	01326291
4058	06312966
4059	02156532
4060	00603298
4061	00100253
4062	00777931
4063	00222248
4064	02691156
4065	01146039
4066	00062133
4067	01583656
4068	10114550
4069	02670398
4070	13086908
4071	02131279
4072	11415084
4073	03921209
4074	01721556
4075	13945919
4076	00331655
4077	04910973
4078	02451370
4079	00938419
4080	03213826
4081	00991838
4082	04073208
4083	06208021
4084	14577046
4085	10150071
4086	01144133
4087	01498872
4088	08512736
4089	01684663
4090	05418717
4091	01309701
4092	04613158
4093	10565302
4094	05710573
4095	08373244
4096	01321002
4097	00719494
4098	09938672
4099	02700455
4100	05773923
4101	04187233
4102	06598445
4103	08406486
4104	04999401
4105	10372373
4106	15254028
4107	02407987
4108	02912065
4109	01704236
4110	06607339
4111	01505991
4112	07072698
4113	03536348
4114	00816143
4115	03738472
4116	01560984
4117	00695475
4118	15274863
4119	01488245
4120	01104637
4121	01503404
4122	13333047
4123	07300960
4124	00413239
4125	01496978
4126	01964367
4127	03335030
4128	02281093
4129	02702674
4130	01244410
4131	00314272
4132	01686956
4133	14575399
4134	00311809
4135	04981139
4136	04904851
4137	00815320
4138	01169317
4139	01990281
4140	00540235
4141	02629390
4142	00429048
4143	00588888
4144	00204439
4145	02291843
4146	07519040
4147	09777353
4148	05850823
4149	01699539
4150	00708128
4151	04549919
4152	00953216
4153	10307234
4154	02025009
4155	04631067
4156	10745894
4157	03579982
4158	00599992
4159	06364641
4160	13864153
4161	09633969
4162	02513460
4163	00055539
4164	02561332
4165	01664172
4166	03120029
4167	01131473
4168	04133211
4169	07375635
4170	05792842
4171	04661151
4172	01656788
4173	13870805
4174	14686913
4175	02378183
4176	01356370
4177	00747418
4178	01115916
4179	02524171
4180	00396703
4181	01017987
4182	05154908
4183	00053097
4184	06740644
4185	00153961
4186	00618734
4187	00297507
4188	01791535
4189	01619929
4190	05689249
4191	07519253
4192	00396642
4193	04321534
4194	05559908
4195	00823669
4196	01778990
4197	09615211
4198	02710673
4199	00673766
4200	00210518
4201	00727573
4202	00946755
4203	06278136
4204	00043195
4205	00994076
4206	13911151
4207	01313411
4208	06686736
4209	03339643
4210	06080522
4211	03613592
4212	01210152
4213	04298308
4214	01097960
4215	01721754
4216	00484892
4217	05200169
4218	06811625
4219	02414710
4220	01171183
4221	13102409
4222	01150370
4223	00809654
4224	09998101
4225	01870275
4226	14890659
4227	14513259
4228	02584981
4229	06018022
4230	00908909
4231	03243625
4232	00593613
4233	10009484
4234	06762711
4235	02038791
4236	14842091
4237	01609287
4238	06365467
4239	00029378
4240	00886281
4241	00917772
4242	00806902
4243	07450842
4244	10317007
4245	00631378
4246	06528992
4247	01014821
4248	04074482
4249	02713218
4250	00875394
4251	00052500
4252	02208537
4253	05279026
4254	02500884
4255	01384439
4256	01210352
4257	01790020
4258	00082081
4259	10468962
4260	05596004
4261	14984973
4262	02064887
4263	07472929
4264	00023100
4265	06152821
4266	03304730
4267	02052476
4268	09840050
4269	06598915
4270	05305136
4271	02728763
4272	02422663
4273	01454810
4274	13559782
4275	13484303
4276	07122730
4277	05804793
4278	06479665
4279	01808626
4280	02576921
4281	07200527
4282	13760316
4283	02747709
4284	05344848
4285	04680285
4286	02070874
4287	05804274
4288	01580050
4289	02229055
4290	05491612
4291	00713167
4292	00207418
4293	14442933
4294	00834198
4295	13990502
4296	02725714
4297	01564144
4298	07514345
4299	06566077
4300	00914420
4301	02873839
4302	13523661
4303	01165043
4304	07308563
4305	00644583
4306	00929839
4307	01896478
4308	00858781
4309	00119266
4310	01255967
4311	03782190
4312	05467054
4313	14525365
4314	07139873
4315	00464651
4316	00976653
4317	04946553
4318	04208210
4319	05633385
4320	00358431
4321	10107303
4322	00740577
4323	00947128
4324	00795632
4325	05774614
4326	00962447
4327	00802318
4328	01298283
4329	03320046
4330	14462946
4331	02282365
4332	00960851
4333	06471345
4334	00787465
4335	00475787
4336	02449847
4337	01115349
4338	00050652
4339	00943837
4340	01133760
4341	00798539
4342	13454318
4343	01556921
4344	01633343
4345	01222360
4346	10752480
4347	14561618
4348	07286799
4349	07221094
4350	00365709
4351	00590806
4352	10720453
4353	00464894
4354	03277771
4355	00537339
4356	01376082
4357	00795720
4358	00046177
4359	01060234
4360	04871374
4361	00446329
4362	03169390
4363	00258857
4364	00054628
4365	00781000
4366	10442232
4367	00164345
4368	04669247
4369	00884946
4370	00717358
4371	00845523
4372	04211356
4373	09437369
4374	02730135
4375	02241107
4376	02662297
4377	02645007
4378	05497363
4379	00522537
4380	01281611
4381	09614047
4382	02668523
4383	07555863
4384	04826999
4385	07109196
4386	05891783
4387	13840719
4388	00430140
4389	01152396
4390	03473465
4391	09941571
4392	02640440
4393	01103180
4394	00815686
4395	10484526
4396	00040325
4397	00250181
4398	00550771
4399	00058519
4400	02073714
4401	10205985
4402	13905792
4403	06602148
4404	01600191
4405	02637202
4406	02138659
4407	04870340
4408	01310660
4409	14006945
4410	13940456
4411	04261116
4412	01606574
4413	00236592
4414	00402130
4415	00055633
4416	06757057
4417	00392093
4418	03129123
4419	03200701
4420	06253140
4421	07203126
4422	09955015
4423	09632274
4424	07352190
4425	02919275
4426	05509889
4427	00730247
4428	06210363
4429	01392080
4430	00140967
4431	10468750
4432	09949946
4433	10438172
4434	05573895
4435	07009640
4436	09822955
4437	01764171
4438	09629065
4439	00753685
4440	07335581
4441	02200686
4442	05968450
4443	04846770
4444	08191701
4445	00198631
4446	01221790
4447	07248507
4448	07317764
4449	01861403
4450	09854510
4451	08593262
4452	10068234
4453	06742772
4454	13353607
4455	10771392
4456	00037396
4457	02734217
4458	01285440
4459	02529772
4460	00943363
4461	02495038
4462	04748836
4463	09762821
4464	01628449
4465	02396716
4466	00286605
4467	02440523
4468	01037303
4469	07513508
4470	00485609
4471	01778017
4472	00894221
4473	10122300
4474	02163746
4475	04316646
4476	10024362
4477	05348884
4478	05980875
4479	00892861
4480	10695555
4481	10524413
4482	00959731
4483	07409121
4484	02549581
4485	05136343
4486	05249636
4487	05831939
4488	02690384
4489	01226240
4490	00722675
4491	03753077
4492	07230502
4493	14379703
4494	00859001
4495	01993926
4496	05421414
4497	00626188
4498	05784699
4499	07649463
4500	06254007
4501	04376400
4502	00373130
4503	01627355
4504	00637259
4505	00338559
4506	10155849
4507	10687231
4508	02210855
4509	00069295
4510	13273550
4511	00690614
4512	05195362
4513	09900981
4514	10728998
4515	03177349
4516	09937903
4517	01628197
4518	00232542
4519	01160729
4520	00841986
4521	01759182
4522	00980453
4523	02500619
4524	04759849
4525	02656390
4526	02237024
4527	00154433
4528	04456276
4529	01755627
4530	01063697
4531	00895304
4532	02610628
4533	05327767
4534	06744000
4535	02551832
4536	00960961
4537	01426077
4538	07220773
4539	00043609
4540	00596644
4541	13504173
4542	10068804
4543	02741149
4544	01394464
4545	00921790
4546	00734587
4547	00588998
4548	05133287
4549	14821043
4550	00331950
4551	00431447
4552	07423560
4553	01867502
4554	05471629
4555	02051031
4556	01996585
4557	00628491
4558	02478701
4559	02357228
4560	05864177
4561	10045713
4562	06392001
4563	00785008
4564	00312553
4565	00796588
4566	01259458
4567	00065575
4568	02472293
4569	01675963
4570	07407777
4571	00948071
4572	07326557
4573	06320801
4574	02148369
4575	02238085
4576	04007664
4577	06817623
4578	00959827
4579	01611516
4580	10507070
4581	14853947
4582	00781303
4583	00035189
4584	03018802
4585	13554343
4586	06196284
4587	02540670
4588	01206849
4589	01030820
4590	04997988
4591	01083044
4592	06713930
4593	08549070
4594	00786816
4595	00506299
4596	02984104
4597	00095747
4598	15256915
4599	15152062
4600	01705257
4601	02394662
4602	01843364
4603	00813790
4604	01733213
4605	07092158
4606	03931044
4607	07006119
4608	06346681
4609	08055150
4610	02156546
4611	02186868
4612	04693384
4613	00002452
4614	05263850
4615	00933403
4616	14052046
4617	03385557
4618	00886978
4619	07510625
4620	06892016
4621	00374224
4622	00752298
4623	13791389
4624	01051956
4625	00940384
4626	00955987
4627	01018366
4628	07415730
4629	05593017
4630	14586258
4631	02301502
4632	00851239
4633	10249459
4634	10482054
4635	00591236
4636	00011757
4637	00664483
4638	13496517
4639	02490877
4640	00972621
4641	01452593
4642	05320899
4643	01051331
4644	01548290
4645	03682487
4646	01738774
4647	07414922
4648	04766852
4649	07436100
4650	06355307
4651	00594146
4652	00754767
4653	02314275
4654	07999699
4655	00948853
4656	07208000
4657	03104594
4658	00958880
4659	01969216
4660	13892897
4661	10418101
4662	00250259
4663	00882159
4664	10516692
4665	10498551
4666	05109808
4667	07406765
4668	00162167
4669	05699434
4670	05703429
4671	10271216
4672	05290756
4673	01143040
4674	02465939
4675	02056971
4676	02343595
4677	01870889
4678	02656763
4679	02016523
4680	07578363
4681	01771535
4682	01070777
4683	02404224
4684	00208497
4685	01456771
4686	09769345
4687	00521562
4688	05286536
4689	06425065
4690	07123012
4691	00597634
4692	00820611
4693	04762355
4694	04892084
4695	13780719
4696	00581812
4697	00842692
4698	00789138
4699	05539595
4700	02556126
4701	04802403
4702	04840011
4703	10059162
4704	07421316
4705	05313535
4706	01090446
4707	10661563
4708	02400378
4709	00228236
4710	01629000
4711	01989053
4712	02228031
4713	04051825
4714	01020934
4715	00924825
4716	00040353
4717	03150795
4718	03791235
4719	00429968
4720	04447861
4721	05986948
4722	00062451
4723	01646300
4724	04628192
4725	02911485
4726	02585050
4727	01959294
4728	06482401
4729	00052334
4730	00013160
4731	04332243
4732	00949619
4733	00575741
4734	02245993
4735	07187773
4736	00612114
4737	02253154
4738	00892467
4739	03793186
4740	00238527
4741	05985999
4742	11419404
4743	07184391
4744	01201021
4745	10562283
4746	00931467
4747	00887081
4748	01691057
4749	02613275
4750	00144850
4751	00173283
4752	04202417
4753	04781349
4754	05660268
4755	07370270
4756	07566340
4757	06539770
4758	01699700
4759	02237338
4760	00877327
4761	06818747
4762	06392935
4763	05604950
4764	05789432
4765	00244416
4766	05869857
4767	05216365
4768	00283911
4769	08622950
4770	04285146
4771	10381214
4772	07301336
4773	05018934
4774	02649830
4775	07208338
4776	00956250
4777	05785067
4778	00939452
4779	07965085
4780	04599396
4781	05093890
4782	10404998
4783	03521076
4784	00455599
4785	00367768
4786	05143690
4787	02460502
4788	10559288
4789	04800359
4790	01935476
4791	07193184
4792	13576101
4793	07363346
4794	01276361
4795	00255710
4796	00004227
4797	01019472
4798	02678839
4799	05387167
4800	02891188
4801	07018931
4802	02549847
4803	04863969
4804	05692419
4805	02557199
4806	14479615
4807	05827253
4808	05211044
4809	13954253
4810	06343971
4811	00664276
4812	01385458
4813	10717589
4814	00772189
4815	03664514
4816	05651068
4817	00707624
4818	07939638
4819	02115430
4820	04922113
4821	00339934
4822	02385634
4823	02321391
4824	07524242
4825	00021265
4826	14061462
4827	01993549
4828	03038281
4829	00062806
4830	10638385
4831	05277728
4832	10399491
4833	05664069
4834	00345761
4835	02153023
4836	08630039
4837	05303402
4838	00887463
4839	06099269
4840	02689299
4841	00839778
4842	01651293
4843	07371293
4844	03269401
4845	10195593
4846	01127379
4847	08180190
4848	00954422
4849	04051549
4850	01239064
4851	00278221
4852	07012534
4853	10182499
4854	06558277
4855	06000644
4856	01102997
4857	01435380
4858	05038593
4859	10001058
4860	05138208
4861	07334876
4862	02436349
4863	02801349
4864	13266170
4865	01804961
4866	02440020
4867	00796976
4868	02031158
4869	10029068
4870	02635794
4871	02245765
4872	04773596
4873	02528380
4874	13367070
4875	01296474
4876	14451349
4877	01352996
4878	04085017
4879	00298497
4880	10765098
4881	13792692
4882	09631463
4883	05585205
4884	02466670
4885	02037989
4886	01651444
4887	10147619
4888	02304982
4889	15142836
4890	01508368
4891	02442205
4892	00987071
4893	05840188
4894	02123812
4895	01266491
4896	02451912
4897	01258617
4898	06427831
4899	01434278
4900	06766190
4901	10001217
4902	07333649
4903	02082527
4904	05217168
4905	01321456
4906	00899927
4907	07323922
4908	07345593
4909	02339413
4910	02270342
4911	02348927
4912	01104406
4913	00471613
4914	02629793
4915	04688246
4916	00717748
4917	00605086
4918	10625860
4919	05952979
4920	08426461
4921	00248026
4922	01218327
4923	10763725
4924	10309347
4925	02505716
4926	07253637
4927	02928413
4928	02735897
4929	03146846
4930	00368109
4931	02005948
4932	00376063
4933	01225970
4934	06619428
4935	02798574
4936	05603160
4937	02066939
4938	00931040
4939	00255214
4940	00820976
4941	01065630
4942	10525134
4943	10067968
4944	06376154
4945	00277659
4946	02061846
4947	01781478
4948	00495808
4949	02677097
4950	06400271
4951	07384741
4952	00090779
4953	05638063
4954	05695232
4955	00644503
4956	02419073
4957	06671484
4958	07090108
4959	02620587
4960	01049475
4961	01461328
4962	01909978
4963	00910203
4964	10641755
4965	01214171
4966	00109660
4967	00243124
4968	00017222
4969	00876874
4970	01587062
4971	14562324
4972	02608347
4973	14485526
4974	00338641
4975	01903756
4976	00586262
4977	02715229
4978	00388635
4979	10140051
4980	01679980
4981	00588221
4982	00336260
4983	10603528
4984	02659763
4985	14015731
4986	02040049
4987	00567044
4988	01079873
4989	09225146
4990	00594621
4991	14004317
4992	01206218
4993	00836236
4994	00875246
4995	01731031
4996	01415807
4997	02611002
4998	00503237
4999	01054335
5000	05433496
5001	10180580
5002	00410247
5003	10201535
5004	02161922
5005	00618451
5006	08164585
5007	07373277
5008	00804002
5009	10055566
5010	02577877
5011	02465414
5012	00819024
5013	02469835
5014	08359949
5015	01921772
5016	04983122
5017	02415831
5018	02749778
5019	06733227
5020	01812720
5021	01440378
5022	02679530
5023	00780889
5024	04069276
5025	00780575
5026	00721437
5027	02034986
5028	09910374
5029	00390906
5030	00893741
5031	02185373
5032	08565701
5033	11410625
5034	07523905
5035	02032634
5036	04682018
5037	10511425
5038	05562249
5039	01934554
5040	00796315
5041	00275607
5042	07340249
5043	00163592
5044	05951566
5045	01878466
5046	00871942
5047	00925873
5048	02305856
5049	02286204
5050	09954479
5051	00550282
5052	02077656
5053	05426243
5054	01526290
5055	02536329
5056	10046527
5057	09764900
5058	06467007
5059	09953178
5060	00111129
5061	01053920
5062	01588589
5063	00442063
5064	00327824
5065	02677567
5066	01275562
5067	00351485
5068	09257949
5069	00394610
5070	10652954
5071	10538272
5072	00996969
5073	08630985
5074	00956687
5075	07338681
5076	02507736
5077	04314914
5078	00081725
5079	05532944
5080	06507041
5081	02453692
5082	00791134
5083	02230056
5084	02519148
5085	03544360
5086	01753788
5087	04424418
5088	01857392
5089	02568672
5090	05196375
5091	14875077
5092	00950858
5093	13534954
5094	00262743
5095	10439851
5096	05017230
5097	01973759
5098	00133338
5099	01634142
5100	00755500
5101	00647094
5102	01129876
5103	02131072
5104	10240082
5105	09798534
5106	02628337
5107	00593732
5108	03485997
5109	13367593
5110	06349220
5111	00212808
5112	02761392
5113	13860548
5114	07578879
5115	00697589
5116	10078806
5117	07550369
5118	00309792
5119	15143477
5120	01503061
5121	02076999
5122	02685665
5123	00894738
5124	04435870
5125	06511874
5126	09960688
5127	07227772
5128	00217956
5129	01170052
5130	02567147
5131	10720964
5132	03385117
5133	00327683
5134	02972533
5135	02394445
5136	02513269
5137	02475922
5138	09765278
5139	02327200
5140	10502046
5141	02573275
5142	00779374
5143	01134781
5144	02496816
5145	00873682
5146	05386845
5147	02551144
5148	01931768
5149	00306723
5150	15269513
5151	00190115
5152	04780958
5153	00706243
5154	05254795
5155	02695895
5156	00547802
5157	07325190
5158	02147109
5159	00716945
5160	06879180
5161	02618149
5162	02115778
5163	14051917
5164	01239494
5165	00262596
5166	06404582
5167	00931852
5168	04551375
5169	10791221
5170	00455348
5171	06355705
5172	07941170
5173	10609092
5174	01032368
5175	00246217
5176	05594367
5177	07373602
5178	13769317
5179	00815644
5180	00206927
5181	00086809
5182	01591835
5183	00978369
5184	13907415
5185	00252019
5186	10335801
5187	03775199
5188	14854262
5189	00034213
5190	10786270
5191	00610738
5192	00747029
5193	13955461
5194	13083586
5195	10731848
5196	02284951
5197	15268239
5198	13939892
5199	02550516
5200	00601378
5201	02217695
5202	05405946
5203	09867956
5204	07128946
5205	03493333
5206	00817311
5207	00656576
5208	02964634
5209	02621853
5210	05468849
5211	00251463
5212	00005041
5213	01643657
5214	09929298
5215	02887970
5216	00348312
5217	00902652
5218	00717208
5219	03579538
5220	10611613
5221	01794668
5222	00040962
5223	03242713
5224	02045043
5225	01239619
5226	10441694
5227	01433294
5228	13365698
5229	07705711
5230	06353934
5231	00701877
5232	00651991
5233	01486312
5234	00917300
5235	02063771
5236	04472726
5237	07291312
5238	10340312
5239	10284064
5240	00377364
5241	06428646
5242	00004475
5243	04821451
5244	00901799
5245	00033615
5246	00954311
5247	03840327
5248	10461747
5249	00230746
5250	00803815
5251	00428404
5252	04590553
5253	01260291
5254	00033020
5255	06750804
5256	03049457
5257	01139194
5258	00121366
5259	04060065
5260	01877620
5261	01184625
5262	13576355
5263	14379829
5264	00844254
5265	08499840
5266	00474308
5267	06313457
5268	03302121
5269	02070466
5270	04357930
5271	00719231
5272	00483801
5273	00636061
5274	00281101
5275	06316048
5276	02108377
5277	00296178
5278	02303331
5279	05279953
5280	01277784
5281	02214485
5282	01209953
5283	00220023
5284	08146782
5285	04681387
5286	09904057
5287	06472242
5288	00027807
5289	06399995
5290	00066901
5291	03278248
5292	04930307
5293	00621058
5294	02676789
5295	00959376
5296	05161967
5297	01590007
5298	05710020
5299	00403783
5300	10290422
5301	05651680
5302	05807306
5303	01016002
5304	04149208
5305	03117199
5306	00611055
5307	09442838
5308	00164579
5309	00445802
5310	00893167
5311	04361095
5312	10389398
5313	08307589
5314	04516672
5315	00276883
5316	00701040
5317	00946105
5318	02678384
5319	01101329
5320	05732756
5321	13412321
5322	10631941
5323	01201773
5324	00829107
5325	01588858
5326	01029852
5327	02418421
5328	02388950
5329	05854812
5330	13524925
5331	07007945
5332	00731159
5333	02257370
5334	10294602
5335	05075602
5336	06880249
5337	13928388
5338	00261705
5339	02015598
5340	01113068
5341	00306017
5342	00159620
5343	01747717
5344	02334302
5345	02537812
5346	00741685
5347	01171644
5348	01018630
5349	00770270
5350	04904996
5351	06758225
5352	03098803
5353	00779360
5354	00931232
5355	06688522
5356	07331400
5357	00843128
5358	04359589
5359	00249501
5360	05051249
5361	01538629
5362	00855794
5363	02641035
5364	02290029
5365	00672277
5366	02558172
5367	01487008
5368	00199707
5369	09328904
5370	10721470
5371	10391653
5372	13265904
5373	05812038
5374	05806623
5375	01661243
5376	00372013
5377	01091905
5378	01412912
5379	01979241
5380	00717045
5381	01075164
5382	03744276
5383	00932324
5384	00014549
5385	10475297
5386	10561861
5387	00612160
5388	00878636
5389	13258362
5390	02686625
5391	09615465
5392	03093792
5393	01913532
5394	01619354
5395	00686890
5396	01684899
5397	01201429
5398	01233027
5399	06000400
5400	14031108
5401	10741590
5402	10491309
5403	10467395
5404	00042757
5405	02769460
5406	00995838
5407	03365592
5408	05694791
5409	00958334
5410	01172275
5411	13413493
5412	00497705
5413	04616059
5414	00290740
5415	05465868
5416	00636921
5417	00007347
5418	03387016
5419	00024264
5420	00939857
5421	01312810
5422	05289297
5423	04939324
5424	02172888
5425	01660994
5426	02747667
5427	00386915
5428	01745722
5429	04275661
5430	01629589
5431	07109847
5432	00975036
5433	02079933
5434	01654271
5435	01850315
5436	08293982
5437	10308732
5438	01697816
5439	03412220
5440	00451461
5441	00141806
5442	01563724
5443	02585489
5444	00282050
5445	02510446
5446	08560952
5447	09771664
5448	11501230
5449	05121418
5450	07131854
5451	00166355
5452	00023271
5453	00795863
5454	04076533
5455	02204692
5456	10533013
5457	01539063
5458	02267060
5459	01834304
5460	02461723
5461	05590366
5462	06377133
5463	05996646
5464	04353803
5465	01976089
5466	00764222
5467	05893653
5468	00042311
5469	09969491
5470	10005721
5471	00267349
5472	05677340
5473	00602805
5474	09773245
5475	02227741
5476	00817680
5477	00117985
5478	00104868
5479	01014066
5480	02384275
5481	01190277
5482	03363216
5483	05610008
5484	01134861
5485	05697976
5486	02887741
5487	00234892
5488	01169704
5489	14010636
5490	02726017
5491	06258680
5492	01144355
5493	01620854
5494	03180969
5495	05718254
5496	02135048
5497	00900070
5498	00045907
5499	07335414
5500	01970348
5501	03246052
5502	08053576
5503	00793785
5504	01853696
5505	14010927
5506	00298556
5507	02505358
5508	00927261
5509	00590626
5510	01845720
5511	02687385
5512	02853016
5513	02157100
5514	15141486
5515	05285623
5516	05296775
5517	01913237
5518	07242912
5519	05736149
5520	11665372
5521	00723056
5522	00356199
5523	09825096
5524	03405725
5525	00716758
5526	00161243
5527	05532795
5528	06516595
5529	02671062
5530	05404074
5531	14480420
5532	06199702
5533	07747455
5534	01247804
5535	05517578
5536	02262139
5537	08402442
5538	00611972
5539	01229071
5540	00830761
5541	05905802
5542	07213395
5543	08132637
5544	01933900
5545	03323703
5546	02742322
5547	08101937
5548	10457444
5549	06733939
5550	01290422
5551	01575675
5552	05721500
5553	02169702
5554	00264366
5555	05044528
5556	01690294
5557	02482425
5558	02643446
5559	00135504
5560	00635205
5561	07505047
5562	01643464
5563	02853218
5564	02504562
5565	09774783
5566	00691516
5567	02151625
5568	00377686
5569	09943811
5570	02371718
5571	05803379
5572	00374063
5573	06094774
5574	00577068
5575	01229938
5576	00466651
5577	01173813
5578	10731244
5579	00787218
5580	10079399
5581	01509584
5582	14050143
5583	05585383
5584	00339464
5585	00319176
5586	01160031
5587	00911048
5588	01831531
5589	08061042
5590	00003356
5591	02076027
5592	06259898
5593	03002351
5594	00170156
5595	09613191
5596	01934205
5597	11511765
5598	02765464
5599	00351824
5600	05784242
5601	02161432
5602	07363883
5603	01012360
5604	01872645
5605	01506157
5606	01311103
5607	02321757
5608	01343892
5609	00561036
5610	05785508
5611	06855035
5612	00213186
5613	01325536
5614	00947077
5615	00376994
5616	04623113
5617	00888786
5618	10034614
5619	01015244
5620	02472033
5621	00003316
5622	03405265
5623	05503705
5624	06721949
5625	02434238
5626	03956922
5627	04766275
5628	03650173
5629	05217688
5630	00779601
5631	05796423
5632	00648977
5633	01701311
5634	01534609
5635	06054700
5636	00213052
5637	00583990
5638	09880741
5639	14860102
5640	00864159
5641	01639714
5642	10554455
5643	04660536
5644	01253060
5645	01613239
5646	00772640
5647	00064643
5648	01698271
5649	05343542
5650	01987353
5651	01532589
5652	00835506
5653	01779165
5654	02103481
5655	04289027
5656	02531199
5657	01380122
5658	00037919
5659	10080337
5660	04620216
5661	01896031
5662	08578706
5663	06756407
5664	07524529
5665	02962200
5666	01215392
5667	04726938
5668	00750532
5669	05267548
5670	01316401
5671	00770437
5672	13331198
5673	05941423
5674	02376089
5675	00202236
5676	02354537
5677	01346978
5678	00979988
5679	01256743
5680	01356750
5681	00239230
5682	01438681
5683	05588551
5684	02130300
5685	04754440
5686	01418667
5687	13960464
5688	05821775
5689	00932636
5690	08058098
5691	01588134
5692	02578008
5693	09941964
5694	00442669
5695	10341955
5696	04990220
5697	03501614
5698	00613393
5699	10351874
5700	00032613
5701	02378623
5702	02702508
5703	00885082
5704	01195867
5705	13308999
5706	01970826
5707	14559983
5708	13948026
5709	01041954
5710	05225602
5711	05479314
5712	10534389
5713	01395617
5714	10692883
5715	05686955
5716	13822995
5717	13134947
5718	05686481
5719	07365849
5720	14854581
5721	00042457
5722	00040152
5723	01995211
5724	13865483
5725	05064037
5726	06549661
5727	02106506
5728	01117164
5729	02023600
5730	06256697
5731	03533486
5732	00712708
5733	02660819
5734	02296153
5735	10355449
5736	00296946
5737	00634906
5738	01884974
5739	00001930
5740	00422090
5741	07201365
5742	03290771
5743	15255804
5744	02408965
5745	07546465
5746	01236795
5747	03925226
5748	10160012
5749	05625465
5750	05808218
5751	10249950
5752	02863750
5753	05301908
5754	06172789
5755	00629257
5756	01712704
5757	02924713
5758	00071178
5759	05123416
5760	00872541
5761	02626604
5762	07445265
5763	05999797
5764	02698443
5765	00974444
5766	00217773
5767	01006675
5768	01186428
5769	01138523
5770	06286395
5771	01548193
5772	13899200
5773	01023820
5774	00874067
5775	02319050
5776	07209965
5777	05495172
5778	10335931
5779	01973125
5780	08569591
5781	02715513
5782	08377806
5783	00361192
5784	05697135
5785	13527965
5786	01175224
5787	02335828
5788	07120524
5789	06798558
5790	03322099
5791	03560567
5792	04162706
5793	04836683
5794	05867413
5795	15226732
5796	00372226
5797	02622234
5798	02475261
5799	02586458
5800	06090869
5801	10754281
5802	00961329
5803	07334490
5804	00532607
5805	03503997
5806	04473432
5807	13553916
5808	14464203
5809	14031523
5810	00337210
5811	05675130
5812	06773150
5813	08187837
5814	10481003
5815	01011166
5816	01756719
5817	02396205
5818	09184975
5819	07309781
5820	10617193
5821	02914991
5822	01233194
5823	06371413
5824	05579944
5825	00967625
5826	02290461
5827	05822612
5828	04071876
5829	13506587
5830	05836275
5831	05849789
5832	05682950
5833	08648322
5834	07375214
5835	00949093
5836	01989562
5837	00812298
5838	00251064
5839	10206887
5840	03621049
5841	14480772
5842	00931453
5843	10140314
5844	03738241
5845	00172710
5846	02480923
5847	03509025
5848	01967792
5849	14441825
5850	01040707
5851	00558371
5852	04897762
5853	02979722
5854	00140652
5855	00612612
5856	00471058
5857	02373015
5858	02375131
5859	01029406
5860	00064479
5861	00980779
5862	00327031
5863	01817938
5864	02117649
5865	00713818
5866	02123903
5867	02663340
5868	07964495
5869	01126961
5870	13365286
5871	00604576
5872	00375071
5873	07328942
5874	04054795
5875	10212501
5876	01105909
5877	10533983
5878	02309008
5879	00263044
5880	15257416
5881	01236164
5882	00220276
5883	01009240
5884	10166762
5885	07332691
5886	02256109
5887	02235229
5888	03163798
5889	13777344
5890	00638585
5891	06876144
5892	01935233
5893	10786033
5894	05261566
5895	10480018
5896	00684838
5897	01291069
5898	02850732
5899	00947439
5900	00620752
5901	11473138
5902	02043501
5903	05585665
5904	10264437
5905	06880664
5906	01241331
5907	01057200
5908	02356420
5909	00414179
5910	00935987
5911	00611481
5912	05054863
5913	05367341
5914	07343363
5915	04050410
5916	02435867
5917	13600822
5918	02147603
5919	04999741
5920	01640207
5921	08558963
5922	05298729
5923	02666239
5924	01501347
5925	01827858
5926	01848465
5927	00591519
5928	06591442
5929	01072262
5930	01637368
5931	02441022
5932	09847727
5933	02616713
5934	10599806
5935	07882497
5936	02570062
5937	02595662
5938	10706812
5939	01095218
5940	06817782
5941	05308310
5942	00443984
5943	10596689
5944	01000214
5945	05590740
5946	00595630
5947	06762380
5948	01103614
5949	00699626
5950	13331634
5951	04789274
5952	03579355
5953	00350380
5954	00788564
5955	05766247
5956	00090186
5957	02675701
5958	02153387
5959	00264529
5960	05461816
5961	00171852
5962	01412548
5963	13961642
5964	01258302
5965	00609683
5966	00051712
5967	00426581
5968	14046202
5969	03377582
5970	00939035
5971	01724459
5972	02460619
5973	00757856
5974	01308160
5975	14287113
5976	02152812
5977	00598954
5978	00950431
5979	01020005
5980	08198398
5981	07417043
5982	01593614
5983	02075049
5984	00623162
5985	00644839
5986	00229260
5987	01374767
5988	02235842
5989	01844048
5990	09792555
5991	00368302
5992	10256537
5993	13439570
5994	05712076
5995	07009538
5996	00310201
5997	07191777
5998	07366289
5999	08679369
6000	02584643
6001	01569566
6002	01023636
6003	06252743
6004	05329533
6005	06725877
6006	02296984
6007	01049685
6008	00592883
6009	05068461
6010	05601758
6011	01579153
6012	07203696
6013	08620061
6014	05806855
6015	00116687
6016	01176219
6017	05009170
6018	01340439
6019	01883716
6020	00030358
6021	01315613
6022	02388143
6023	00833199
6024	13576982
6025	14418662
6026	00973728
6027	00781685
6028	07160296
6029	03210940
6030	05869584
6031	07374756
6032	02728142
6033	02293321
6034	05555688
6035	00610010
6036	03768346
6037	15224692
6038	02064745
6039	02724417
6040	00426928
6041	00144314
6042	02492198
6043	00351963
6044	07180570
6045	00835294
6046	00419644
6047	02646931
6048	09802239
6049	02646072
6050	00932088
6051	01085474
6052	01742726
6053	00309310
6054	02526085
6055	00073584
6056	09875786
6057	01089878
6058	07885937
6059	08146593
6060	08628921
6061	09626589
6062	07221756
6063	00725772
6064	07510495
6065	06398760
6066	00945853
6067	00703875
6068	01354673
6069	03659809
6070	09790482
6071	02468864
6072	00954038
6073	10180178
6074	06637824
6075	07199922
6076	07273136
6077	03173524
6078	01121690
6079	00786458
6080	03088707
6081	00276620
6082	01101753
6083	00146138
6084	02604760
6085	07171206
6086	02676054
6087	01627965
6088	00759269
6089	09944022
6090	00157081
6091	05459232
6092	02337364
6093	05003423
6094	05036394
6095	00679389
6096	05846355
6097	10008716
6098	07137950
6099	05805902
6100	08274565
6101	01233397
6102	01951480
6103	00081572
6104	05019661
6105	01551195
6106	15283097
6107	01186810
6108	00695226
6109	00055315
6110	01904930
6111	08103777
6112	05850624
6113	05133535
6114	01704452
6115	02694933
6116	10757193
6117	08663354
6118	02043190
6119	02311387
6120	01215902
6121	01789514
6122	00882802
6123	00815379
6124	14451020
6125	00104539
6126	06765044
6127	02584097
6128	04552696
6129	00423971
6130	03303965
6131	00935940
6132	09979321
6133	00880269
6134	02153445
6135	02687992
6136	10700201
6137	01646866
6138	05580416
6139	06693198
6140	00973056
6141	04553703
6142	01318053
6143	00407848
6144	00847340
6145	13761966
6146	07348399
6147	02589576
6148	02034300
6149	07014752
6150	06333653
6151	02348324
6152	05162455
6153	01013040
6154	01570403
6155	05978623
6156	01083645
6157	00324384
6158	06793426
6159	02985137
6160	02392600
6161	14213328
6162	01511380
6163	03961939
6164	00179311
6165	05802185
6166	14877585
6167	10560637
6168	00112628
6169	08000304
6170	10635275
6171	08512259
6172	00976487
6173	05546040
6174	00940709
6175	10692482
6176	14023997
6177	13575869
6178	02499629
6179	00751779
6180	14048134
6181	01434822
6182	00879356
6183	00954271
6184	01636993
6185	02789271
6186	10415638
6187	03138344
6188	04869569
6189	00868196
6190	00622068
6191	01202374
6192	06490887
6193	06413889
6194	10407954
6195	10207831
6196	00367976
6197	07193596
6198	01201089
6199	00428000
6200	07963711
6201	02144835
6202	00228655
6203	00482298
6204	07312221
6205	10689564
6206	04674715
6207	05398609
6208	02735418
6209	02584915
6210	01722077
6211	03696065
6212	01363648
6213	07241837
6214	00923995
6215	02395395
6216	07570720
6217	02875013
6218	04377057
6219	06196584
6220	01240308
6221	01250335
6222	09893600
6223	01787955
6224	00826509
6225	00158804
6226	06428216
6227	01024190
6228	13370448
6229	01329186
6230	02533313
6231	00539546
6232	09622049
6233	03878963
6234	02600948
6235	05599617
6236	00325502
6237	01447257
6238	13580415
6239	00041188
6240	10231087
6241	00334996
6242	02556817
6243	10770059
6244	13558490
6245	01369346
6246	05131283
6247	10268180
6248	05827684
6249	03424862
6250	04027023
6251	03282060
6252	00313245
6253	09979072
6254	00920778
6255	00629738
6256	05602548
6257	07291794
6258	07231294
6259	13945102
6260	02036578
6261	13536794
6262	05761918
6263	01243661
6264	07647870
6265	05566919
6266	04847991
6267	11499817
6268	09616922
6269	03857828
6270	01073995
6271	00048374
6272	00884778
6273	13244109
6274	00797430
6275	09912995
6276	03045074
6277	15266911
6278	00068617
6279	00240293
6280	13470491
6281	07497473
6282	01018928
6283	09952539
6284	01233993
6285	02704349
6286	00633443
6287	10383816
6288	05692910
6289	07355491
6290	05634219
6291	00647929
6292	10426749
6293	02444662
6294	05341920
6295	03701640
6296	02303761
6297	02130160
6298	03264136
6299	01489465
6300	00946499
6301	00079018
6302	00205885
6303	01484714
6304	02569630
6305	02684924
6306	05520699
6307	14997888
6308	01138911
6309	08491027
6310	03062280
6311	09505153
6312	08621598
6313	00936620
6314	00185857
6315	00171127
6316	10019888
6317	07337390
6318	04143365
6319	10269785
6320	14580897
6321	02509287
6322	01214786
6323	02348568
6324	06359877
6325	10338707
6326	00598215
6327	02212825
6328	00309582
6329	05107765
6330	13275288
6331	01301410
6332	02040054
6333	00665358
6334	08660339
6335	00932798
6336	00353782
6337	00884540
6338	05272110
6339	05859991
6340	02367363
6341	14841267
6342	01048939
6343	02127613
6344	07650637
6345	13366311
6346	05917477
6347	01732921
6348	01754576
6349	00634472
6350	00368847
6351	02690708
6352	10773126
6353	03322940
6354	05470189
6355	07138085
6356	00002137
6357	00650353
6358	01015866
6359	01019129
6360	02424652
6361	01745536
6362	00376400
6363	10509389
6364	06489659
6365	07959943
6366	01076488
6367	13920835
6368	03424630
6369	02382087
6370	09609871
6371	00115036
6372	02680814
6373	00896141
6374	00763399
6375	00377169
6376	00831191
6377	00677021
6378	14486122
6379	00165178
6380	00521209
6381	15258450
6382	00363493
6383	01107932
6384	00264386
6385	01212519
6386	03745285
6387	00631391
6388	13455487
6389	04194289
6390	02700064
6391	00990249
6392	02515080
6393	01168468
6394	06169285
6395	00222135
6396	10252075
6397	05329735
6398	01887474
6399	10085217
6400	08509442
6401	06684383
6402	10402824
6403	05734559
6404	09385137
6405	02014165
6406	10514784
6407	04184095
6408	00038849
6409	04564698
6410	02568884
6411	00808182
6412	14001728
6413	00614224
6414	01812324
6415	00877127
6416	10173895
6417	02212646
6418	01631830
6419	09882007
6420	01123415
6421	01689379
6422	00372607
6423	13927383
6424	00776059
6425	02766328
6426	00844994
6427	05047279
6428	05781800
6429	01859586
6430	00404222
6431	00921300
6432	01316619
6433	00635012
6434	01061481
6435	01848355
6436	03530910
6437	00841901
6438	10522759
6439	13342987
6440	03416329
6441	00486018
6442	10693824
6443	02493030
6444	13247554
6445	01254051
6446	00240938
6447	05803938
6448	10035809
6449	00263947
6450	04014297
6451	05333777
6452	01909812
6453	05641959
6454	13295657
6455	15286249
6456	05087297
6457	03307274
6458	02506546
6459	07395104
6460	07491286
6461	02512305
6462	00794981
6463	00050195
6464	05854150
6465	07009946
6466	02230772
6467	04631298
6468	00553823
6469	00381013
6470	01859221
6471	05147940
6472	10583916
6473	05650329
6474	06502378
6475	03952277
6476	00819508
6477	01716619
6478	07240549
6479	02907473
6480	02736778
6481	01116585
6482	06148148
6483	02550868
6484	01462005
6485	07223170
6486	07452348
6487	02511633
6488	14499594
6489	02218759
6490	00344040
6491	02603926
6492	01181475
6493	00431826
6494	10261041
6495	00969370
6496	00310666
6497	10624310
6498	00625393
6499	02476870
6500	00668099
6501	00465762
6502	01252601
6503	04412901
6504	14541852
6505	01577093
6506	00029677
6507	02310482
6508	01770501
6509	02514825
6510	02523953
6511	01226215
6512	00949288
6513	01642437
6514	06284225
6515	05568767
6516	00387657
6517	00696700
6518	00278040
6519	02308741
6520	10165109
6521	00751567
6522	10708292
6523	09961999
6524	01112584
6525	10792856
6526	02232190
6527	02598143
6528	13779374
6529	05480794
6530	02357693
6531	00666510
6532	00205891
6533	00043765
6534	01558440
6535	00230276
6536	04865502
6537	00512186
6538	02479990
6539	00248977
6540	00075515
6541	00044455
6542	01855606
6543	02727039
6544	00093483
6545	02376958
6546	02140781
6547	06742426
6548	02320374
6549	06004067
6550	07162680
6551	00272391
6552	01976146
6553	00527572
6554	02501278
6555	01225562
6556	02154312
6557	04849241
6558	00341285
6559	05595531
6560	01240432
6561	01139623
6562	01482449
6563	14525548
6564	00235368
6565	02108791
6566	01719921
6567	14940386
6568	05591256
6569	13773361
6570	01096497
6571	07202812
6572	01384164
6573	00495998
6574	05726345
6575	01312371
6576	07644382
6577	04561548
6578	01734300
6579	05171045
6580	01557774
6581	10154601
6582	14492953
6583	00915605
6584	01835276
6585	00056688
6586	13485408
6587	01180695
6588	10423589
6589	05150129
6590	11690893
6591	02333689
6592	02364448
6593	02712243
6594	02027411
6595	13458571
6596	06740402
6597	00152887
6598	00169806
6599	00445169
6600	02574516
6601	13728499
6602	00217014
6603	01901289
6604	02297948
6605	00184117
6606	02291548
6607	02033295
6608	01082454
6609	00575720
6610	02323286
6611	10334101
6612	02575082
6613	01649999
6614	05936381
6615	00770141
6616	01190948
6617	01122194
6618	09873604
6619	04328946
6620	01685601
6621	09278537
6622	01144876
6623	00827638
6624	02634808
6625	05951323
6626	00046534
6627	01211098
6628	07351612
6629	10301261
6630	01640855
6631	00510364
6632	04596630
6633	14442530
6634	00329031
6635	00402539
6636	04836074
6637	05511618
6638	02118933
6639	05194043
6640	13512238
6641	09821831
6642	04756025
6643	00055142
6644	09868270
6645	10576316
6646	00584367
6647	10740017
6648	03318438
6649	10703905
6650	01622795
6651	00159177
6652	00404642
6653	02566528
6654	01627947
6655	01986185
6656	05237227
6657	02728784
6658	02991122
6659	02400037
6660	06709533
6661	00079398
6662	00201722
6663	02099019
6664	00241038
6665	00583239
6666	06291318
6667	02471762
6668	05190804
6669	03848729
6670	01208291
6671	02889425
6672	14598079
6673	00191142
6674	00645415
6675	09779790
6676	00056188
6677	02180529
6678	00729108
6679	02590340
6680	03525074
6681	03789946
6682	00512749
6683	00707956
6684	02106006
6685	02690941
6686	01111375
6687	04802198
6688	02644050
6689	10789963
6690	00896497
6691	14420954
6692	07109019
6693	14298815
6694	00156601
6695	02426171
6696	00124880
6697	00822367
6698	00748515
6699	00007846
6700	06732925
6701	02187922
6702	05797177
6703	02469914
6704	01350994
6705	05926676
6706	00394813
6707	02012344
6708	07050177
6709	05860200
6710	13993517
6711	07071483
6712	00013328
6713	10488865
6714	10402285
6715	06520944
6716	14864360
6717	04782878
6718	00356367
6719	00257269
6720	02883344
6721	01254013
6722	03181293
6723	00559102
6724	01428853
6725	02742638
6726	05275651
6727	11414608
6728	00115803
6729	00786195
6730	06652242
6731	09897696
6732	10336234
6733	00709625
6734	13583724
6735	07087777
6736	06724763
6737	10100761
6738	09812338
6739	01072949
6740	01225461
6741	02119874
6742	10684630
6743	06806469
6744	01369663
6745	00600370
6746	00742320
6747	10089615
6748	07039478
6749	00270005
6750	02321009
6751	00958896
6752	02678663
6753	13275495
6754	10241300
6755	13962166
6756	06037298
6757	01759326
6758	07272545
6759	00922438
6760	05674584
6761	01077350
6762	13313733
6763	03619890
6764	13910384
6765	07037465
6766	10178611
6767	05142180
6768	01500873
6769	03859958
6770	00874621
6771	09631129
6772	06732350
6773	03315023
6774	01227190
6775	04055861
6776	14064644
6777	02428924
6778	13464204
6779	07495551
6780	00706975
6781	04780605
6782	00081072
6783	01497736
6784	05395690
6785	01286913
6786	01002956
6787	02450505
6788	00083260
6789	01023574
6790	05473928
6791	02910789
6792	13947415
6793	00735571
6794	05826291
6795	00418025
6796	01290255
6797	09476521
6798	00336718
6799	07185325
6800	05839024
6801	01206553
6802	02202928
6803	10075529
6804	02703952
6805	01881696
6806	09843602
6807	01056411
6808	01560731
6809	05898568
6810	09801864
6811	13268146
6812	00337903
6813	05548840
6814	03285912
6815	07270179
6816	00013615
6817	00219012
6818	00662589
6819	09310460
6820	05763412
6821	14818238
6822	05724694
6823	00552097
6824	02658283
6825	10225219
6826	05767733
6827	00143251
6828	01954341
6829	10266328
6830	00355252
6831	05755883
6832	00816353
6833	04820258
6834	01716882
6835	05652926
6836	10005548
6837	00599234
6838	09984659
6839	01860795
6840	01825671
6841	02478936
6842	04648207
6843	02942769
6844	03225238
6845	00101191
6846	06650701
6847	10191943
6848	09376198
6849	00383542
6850	09190918
6851	02299269
6852	00836788
6853	01974773
6854	00696189
6855	00674607
6856	01130455
6857	02575723
6858	00879759
6859	01582645
6860	00072012
6861	07298154
6862	01104624
6863	00913705
6864	01744888
6865	02318464
6866	00923444
6867	00846515
6868	00329227
6869	10365514
6870	02372326
6871	00752954
6872	06709692
6873	01211699
6874	00325110
6875	00582388
6876	05765901
6877	00048656
6878	07447261
6879	00134780
6880	10703692
6881	05199869
6882	02679012
6883	00125629
6884	01468058
6885	00045250
6886	00153263
6887	03706653
6888	10448983
6889	00900375
6890	06796642
6891	02685365
6892	01309143
6893	02609203
6894	03327234
6895	01590747
6896	06066555
6897	03740161
6898	13486270
6899	00878136
6900	09998907
6901	06258031
6902	03984381
6903	03103198
6904	00714944
6905	00557588
6906	01272397
6907	07020895
6908	02586619
6909	00212414
6910	05785311
6911	01789270
6912	09795334
6913	01103000
6914	02716165
6915	07324380
6916	03619396
6917	10037385
6918	10434725
6919	02314658
6920	04384406
6921	01761120
6922	00751529
6923	01686439
6924	04362025
6925	02945820
6926	01800349
6927	01566185
6928	02425462
6929	00909219
6930	10725280
6931	00406243
6932	09831962
6933	15153787
6934	01292885
6935	00754424
6936	00363260
6937	07129867
6938	00610538
6939	03055809
6940	08677628
6941	10455619
6942	00700708
6943	00776846
6944	06613056
6945	11676500
6946	05474346
6947	01624169
6948	01090308
6949	02767433
6950	01636397
6951	06634095
6952	10694258
6953	10279018
