0	00317207
1	00945853
2	01238640
3	10577284
4	00636061
5	03521076
6	06420781
7	01186428
8	08208016
9	10482220
10	00341695
11	03600977
12	00109660
13	01812324
14	02861617
15	06855035
16	05927813
17	14441825
18	02283324
19	00700708
20	13927383
21	02476870
22	00484892
23	00947439
24	01619725
25	03061081
26	03949442
27	03931044
28	01801600
29	13905121
30	07223985
31	05943300
32	01460029
33	02329733
34	00147187
35	00137313
36	14010927
37	01113068
38	00990249
39	01538629
40	01787955
41	07361128
42	02539788
43	03323703
44	05800998
45	00910973
46	00217773
47	04688246
48	00785470
49	00776059
50	02443609
51	00334186
52	05217859
53	13464204
54	14562142
55	02422026
56	01070187
57	01241331
58	07941170
59	01279631
60	05738625
61	02945820
62	15140892
63	00331950
64	01191755
65	05732756
66	00644066
67	02150510
68	00931555
69	01726172
70	14451349
71	02265979
72	15257553
73	00159620
74	10068804
75	14485526
76	14333433
77	00665886
78	05308310
79	00434374
80	00205543
81	02608347
82	01194904
83	01685601
84	13555446
85	00463246
86	02574205
87	02983097
88	05516366
89	00228236
90	00443984
91	09257949
92	07476623
93	00611256
94	00020827
95	03778600
96	01629958
97	10034785
98	14806838
99	00645415
100	01152396
101	01209953
102	07963987
103	05149325
104	00144314
105	01086103
106	01887076
107	01634424
108	00003316
109	05220461
110	02330742
111	09929298
112	08358594
113	00644503
114	00745187
115	05161614
116	05405946
117	14534696
118	05785067
119	01803936
120	09559201
121	04377057
122	00685638
123	05309591
124	00339464
125	01711445
126	07168131
127	05734559
128	15256915
129	01177118
130	04188368
131	08359949
132	02296726
133	00037396
134	05827684
135	01210352
136	05468849
137	00751145
138	05712076
139	02248465
140	01414626
141	01091427
142	02461723
143	10562283
144	10756433
145	01999423
146	04734885
147	00510050
148	10694258
149	02050132
150	09893600
151	13754293
152	13467916
153	01649999
154	06713930
155	03530910
156	13504173
157	00665358
158	00191980
159	01534609
160	13911151
161	13583724
162	07414566
163	01704236
164	02156063
165	00156625
166	01127795
167	11669921
168	00847340
169	08055150
170	10074339
171	00965035
172	09313716
173	04105438
174	01258302
175	01233194
176	05721180
177	10630188
178	09998101
179	10205985
180	00829761
181	00922144
182	00383390
183	01721169
184	00739082
185	08227214
186	05837957
187	00664276
188	02874282
189	03745285
190	00596807
191	13289467
192	02450505
193	05898568
194	07407777
195	10541229
196	05154908
197	02651014
198	04007894
199	00121865
200	03431243
201	05823054
202	01015244
203	02023600
204	01566185
205	04424418
206	02527085
207	15224692
208	00725772
209	10634316
210	04762355
211	00751944
212	00589217
213	01014066
214	05240850
215	04065464
216	00917300
217	00354845
218	09784707
219	00939452
220	07139873
221	09618760
222	00696518
223	05662532
224	06738281
225	10554455
226	01639714
227	01299758
228	01221611
229	05784831
230	06793426
231	03746574
232	01992503
233	02945971
234	00879356
235	01336635
236	15046900
237	00079398
238	13486270
239	04999741
240	05309392
241	02678839
242	00844994
243	05641959
244	02443049
245	06558277
246	05069199
247	02451575
248	08478482
249	07111047
250	00812580
251	06731510
252	00441445
253	05003590
254	02713852
255	00923321
256	00543233
257	00277569
258	00162167
259	07175241
260	01556921
261	02689299
262	04179385
263	00975036
264	05783940
265	00650353
266	00143251
267	02982790
268	10421470
269	00043609
270	02159427
271	00278040
272	10708454
273	00261029
274	00947128
275	01045419
276	00860292
277	01139194
278	00755500
279	02056466
280	06196284
281	01434278
282	00155487
283	07362218
284	06650070
285	04930307
286	07217924
287	09814660
288	03892891
289	00786195
290	01988080
291	14479615
292	02873839
293	01434822
294	03385117
295	10317007
296	02621853
297	00019448
298	02685665
299	05795044
300	02527431
301	00697923
302	07270179
303	02935017
304	00592883
305	06687178
306	05194578
307	14864360
308	01747717
309	13757249
310	04362025
311	14035298
312	00512487
313	03485997
314	05785311
315	06304671
316	07243193
317	01356370
318	00211110
319	00171852
320	15266911
321	01182654
322	01720660
323	00808855
324	00429060
325	01130607
326	02577586
327	02208537
328	02343816
329	02728142
330	06254239
331	02669789
332	00467719
333	06135915
334	02498320
335	01254051
336	00704690
337	08220714
338	06687358
339	14499594
340	01635056
341	02807731
342	01190884
343	02338975
344	13505987
345	02390470
346	01090308
347	00707366
348	05125377
349	02079933
350	00625393
351	02372605
352	03839993
353	00263044
354	05117660
355	06637824
356	02309008
357	13960464
358	05249636
359	04756025
360	00540235
361	07357388
362	10339504
363	00692143
364	02286687
365	09629065
366	10372373
367	06766190
368	00005041
369	04054795
370	02282365
371	04004210
372	02064887
373	05546040
374	09437369
375	01588589
376	00953058
377	00724150
378	10582746
379	10369528
380	01578254
381	01127019
382	00946588
383	02870092
384	01053617
385	00058519
386	10384214
387	02169891
388	00200397
389	10241300
390	03878963
391	10126177
392	07555863
393	13405962
394	06043075
395	00588598
396	02808440
397	00145218
398	00283127
399	02297742
400	05068461
401	07409121
402	07342049
403	02262542
404	13899200
405	13894306
406	09765278
407	02572119
408	05601758
409	00607405
410	02019021
411	01076359
412	00348746
413	01987353
414	07335243
415	02166460
416	02234087
417	02377938
418	00882948
419	02752695
420	02235229
421	01278427
422	05432736
423	14322699
424	09764900
425	00148978
426	09769636
427	09354511
428	01400044
429	10080337
430	00899927
431	01476483
432	04648207
433	00978173
434	10722575
435	03277771
436	05560787
437	00921072
438	02154312
439	00955148
440	01206849
441	13555775
442	02015598
443	09620078
444	00954271
445	01755504
446	02695895
447	01205696
448	04226537
449	07359599
450	02504562
451	00907930
452	01135952
453	02434238
454	01085098
455	00372977
456	06753800
457	03017070
458	03146846
459	01626138
460	06757057
461	07450651
462	09858299
463	03996416
464	01042531
465	13331634
466	05660937
467	00954038
468	10365514
469	01645421
470	08462320
471	00792471
472	02729023
473	10301261
474	05790572
475	10387712
476	06876144
477	01362736
478	04187233
479	04679738
480	07140978
481	04176528
482	03038281
483	05978812
484	02434976
485	13904843
486	09632274
487	04007664
488	06289250
489	02051031
490	10407954
491	01030832
492	04879092
493	10619492
494	05282433
495	00494269
496	00925207
497	07133701
498	13366311
499	00796315
500	04904996
501	10533013
502	05501185
503	00954422
504	00033020
505	01986538
506	07283608
507	02413480
508	01069391
509	00190999
510	05650579
511	01846320
512	10481003
513	00190783
514	00734587
515	03234306
516	13773361
517	10399491
518	10745894
519	00226618
520	14580897
521	04384406
522	14462946
523	10448983
524	00331655
525	10210648
526	00606370
527	04298308
528	01699700
529	01974773
530	02334302
531	01158872
532	05773049
533	04682462
534	00647929
535	10792856
536	09937903
537	01211699
538	03563967
539	02372326
540	00712225
541	07208000
542	10024362
543	00706975
544	01516290
545	04181228
546	02658283
547	00629738
548	00875394
549	00772640
550	07373803
551	01647229
552	00443116
553	02555434
554	00610538
555	02469274
556	00795863
557	02492198
558	01766748
559	03540595
560	02209499
561	02540670
562	01525666
563	00815644
564	10661563
565	07209965
566	06743230
567	01233397
568	13896100
569	05397468
570	00921300
571	09997404
572	01923414
573	05937112
574	09605289
575	02984104
576	06528783
577	01298283
578	00878136
579	01122194
580	01150370
581	00955987
582	10677271
583	07201804
584	01173813
585	10728624
586	05802185
587	02728763
588	00858781
589	13506587
590	06608728
591	10114550
592	10518194
593	07196682
594	13135832
595	06177033
596	04821084
597	07286905
598	02680814
599	02340360
600	05371663
601	10425946
602	00020090
603	00747029
604	06471345
605	06629858
606	00774107
607	02158587
608	02518990
609	00818974
610	08565894
611	07314277
612	13945919
613	01507134
614	02518813
615	06691083
616	01317541
617	03365991
618	05836275
619	05651680
620	02767116
621	00002137
622	02703539
623	07044917
624	01290255
625	07331759
626	01163620
627	03975232
628	01654271
629	00648931
630	03405265
631	05485314
632	03265479
633	07140659
634	00991683
635	05585665
636	06648207
637	00629257
638	02679142
639	00135504
640	03984381
641	05248181
642	01733213
643	10285762
644	13940456
645	06470073
646	10509389
647	05296253
648	02806907
649	05604950
650	06740183
651	02123812
652	05539595
653	10082146
654	01439745
655	01843904
656	13342692
657	02371718
658	00664483
659	02641957
660	00298497
661	00961586
662	01351170
663	10090498
664	00689673
665	13457378
666	14379130
667	07311661
668	05136343
669	13489037
670	03744276
671	05121418
672	03221720
673	01496978
674	00731159
675	00512749
676	02345647
677	01659248
678	01572510
679	00703512
680	01769843
681	00035758
682	05735478
683	00064479
684	01142519
685	01666131
686	07137950
687	00590806
688	01986367
689	02545272
690	03664675
691	03773035
692	02214485
693	13308864
694	00372665
695	00479932
696	04764412
697	00674607
698	03906997
699	01700934
700	00604576
701	14046202
702	00914632
703	04294614
704	05928513
705	07565259
706	00368302
707	00820801
708	10319796
709	02686625
710	08648322
711	01230710
712	05652926
713	02510446
714	01667132
715	07423560
716	01505254
717	10027590
718	00199309
719	00781303
720	14051917
721	02666239
722	07162194
723	01003570
724	01979901
725	01631830
726	10486349
727	00446885
728	07135734
729	00497705
730	00785962
731	00943281
732	01213886
733	05578442
734	01689379
735	07335581
736	05433496
737	02002720
738	10404672
739	10055566
740	07352190
741	14379703
742	02014553
743	00906735
744	05467054
745	00816143
746	03058107
747	13779032
748	05967977
749	00609683
750	01215392
751	05202284
752	00666510
753	00641252
754	05290756
755	10442417
756	00822367
757	09610660
758	00309792
759	00652346
760	10334101
761	06722453
762	01329186
763	06362953
764	00808182
765	01101958
766	15265518
767	02495922
768	08510666
769	01313923
770	06598915
771	01412759
772	11444643
773	07289014
774	06726939
775	02099019
776	00367976
777	02584097
778	00214951
779	06740919
780	07452841
781	06171040
782	00219012
783	05576573
784	02163746
785	09379111
786	00019128
787	00078760
788	00059127
789	00916909
790	10253995
791	01374767
792	00397760
793	01052853
794	10007109
795	03459775
796	10475297
797	00908621
798	02687385
799	13791389
800	01133876
801	02203362
802	01865197
803	02084104
804	11480930
805	02512305
806	02451370
807	00427580
808	04780605
809	08292756
810	00946755
811	10168012
812	07491286
813	00908672
814	02769460
815	05755883
816	02169352
817	00275843
818	01165692
819	01872877
820	04692908
821	02691156
822	01222477
823	03619890
824	00828237
825	01990281
826	04645943
827	09927451
828	05705355
829	00099721
830	02036339
831	02668523
832	00234892
833	00805034
834	01053207
835	01642437
836	00314272
837	02077148
838	00990008
839	07519253
840	13491060
841	06208021
842	10140051
843	07423899
844	10752480
845	01252425
846	05610008
847	00719734
848	01103159
849	01215168
850	02551144
851	01691057
852	06782019
853	06057539
854	02515080
855	01987727
856	05702275
857	05731779
858	00203866
859	02451113
860	01837744
861	06502378
862	01298931
863	00258857
864	00138956
865	06399631
866	05563034
867	10005721
868	01987228
869	00356258
870	01046480
871	00306426
872	01559055
873	01048466
874	01432353
875	00255214
876	01577093
877	00833199
878	00713818
879	05907682
880	00242583
881	01343892
882	01202415
883	02133435
884	01202374
885	01549420
886	03575240
887	05835747
888	03290771
889	01149138
890	15141486
891	01848355
892	03669886
893	00929718
894	08664443
895	02530167
896	08559508
897	06346461
898	00735571
899	06392001
900	00070816
901	00040962
902	01761706
903	01870275
904	01753788
905	07123012
906	03222959
907	00815686
908	01779165
909	00004605
910	01145359
911	02622234
912	05286536
913	00343334
914	02500884
915	00282076
916	01995549
917	05559727
918	00836705
919	00055871
920	01226215
921	00775156
922	08191532
923	10765098
924	00924431
925	01119169
926	02427916
927	07138085
928	00351824
929	13461162
930	08198398
931	02064745
932	10757193
933	00403334
934	02357228
935	01501184
936	02325968
937	08307589
938	01619354
939	03664514
940	13810323
941	01469263
942	10491575
943	00203753
944	00508032
945	01291069
946	06472025
947	03547054
948	01049685
949	05548840
950	07167415
951	01817314
952	05761380
953	00402539
954	13366693
955	00726784
956	05469032
957	02549847
958	02009433
959	00989602
960	13840719
961	03674440
962	00036178
963	00298556
964	01781180
965	05320899
966	06208751
967	00752144
968	02071627
969	01767163
970	01870889
971	05268965
972	00635205
973	00927017
974	05404074
975	07092158
976	00769092
977	00933000
978	01193886
979	11458624
980	00911048
981	10388924
982	00856824
983	01633343
984	00752298
985	01126961
986	10399299
987	01617192
988	00658627
989	03546340
990	01128193
991	07193958
992	05670972
993	01394464
994	00588888
995	02367363
996	01177314
997	08081668
998	03735637
999	02391803
1000	07570720
1001	06817623
1002	05817396
1003	05296639
1004	00182269
1005	00682230
1006	01704953
1007	05386845
1008	06200344
1009	05686955
1010	02687992
1011	01108753
1012	07950920
1013	10754281
1014	06376154
1015	06060845
1016	00029677
1017	09801864
1018	04623612
1019	00953216
1020	02185373
1021	14018567
1022	08622950
1023	02058191
1024	00604694
1025	02151700
1026	07959943
1027	14860102
1028	09260907
1029	02442205
1030	01818235
1031	06506757
1032	05535484
1033	00913065
1034	00032613
1035	01010118
1036	00879607
1037	00909573
1038	02089984
1039	02177976
1040	10423589
1041	13295657
1042	01137138
1043	02523953
1044	02679530
1045	00633864
1046	01074694
1047	08252211
1048	00381601
1049	01194938
1050	07388987
1051	02566528
1052	00612612
1053	05800611
1054	00251064
1055	05651971
1056	00567044
1057	10401639
1058	01666327
1059	02479990
1060	13935227
1061	00443384
1062	04359589
1063	00044150
1064	09795334
1065	07258664
1066	07148192
1067	10556518
1068	02102002
1069	09831962
1070	10372076
1071	01288052
1072	09791530
1073	00941990
1074	02070466
1075	02440244
1076	02231661
1077	04051825
1078	02452885
1079	00311809
1080	05300231
1081	14702416
1082	00510364
1083	02669081
1084	03270165
1085	00688377
1086	02440523
1087	05595083
1088	02761834
1089	08378356
1090	00220869
1091	01752495
1092	02568672
1093	00859325
1094	07162545
1095	00780148
1096	00429322
1097	07521039
1098	00717208
1099	00337210
1100	00327683
1101	02627934
1102	00372013
1103	10699752
1104	10717589
1105	08324514
1106	15047313
1107	00930868
1108	00662182
1109	01222360
1110	00313987
1111	06793231
1112	01281611
1113	01679980
1114	02600490
1115	00730247
1116	00849523
1117	04733640
1118	03315023
1119	13905405
1120	07009640
1121	00739340
1122	07991364
1123	02504131
1124	02060141
1125	00882159
1126	03099945
1127	13761966
1128	10784922
1129	10467395
1130	10597234
1131	01056554
1132	07332148
1133	02075462
1134	01455866
1135	01437254
1136	05901508
1137	10418101
1138	07374756
1139	02577877
1140	00893741
1141	02519148
1142	00166172
1143	02507736
1144	00849357
1145	01059123
1146	05818741
1147	05585383
1148	09947232
1149	07185325
1150	01227235
1151	01583656
1152	02577061
1153	10671042
1154	00279835
1155	01298668
1156	01101329
1157	07387509
1158	05832745
1159	13956488
1160	00116687
1161	10309347
1162	01613239
1163	02215001
1164	00647094
1165	02025009
1166	05772667
1167	01206553
1168	07071483
1169	13308999
1170	00470701
1171	02016523
1172	00186616
1173	07363883
1174	00447309
1175	07518468
1176	05566504
1177	03308152
1178	00898518
1179	00731222
1180	01802689
1181	13932421
1182	03588414
1183	01210737
1184	07332691
1185	05733583
1186	01440378
1187	01407904
1188	14031108
1189	04693900
1190	00506299
1191	01808626
1192	00940842
1193	10268180
1194	02649830
1195	01237167
1196	04773351
1197	10563826
1198	03098803
1199	00231557
1200	09442838
1201	04060065
1202	08663354
1203	04870340
1204	04085017
1205	00235435
1206	00561036
1207	03493333
1208	10240082
1209	00994076
1210	09758885
1211	05922949
1212	13575869
1213	00419289
1214	05538625
1215	10466198
1216	02229550
1217	02414710
1218	00909219
1219	01721556
1220	02531625
1221	01831531
1222	00173338
1223	00827638
1224	04211356
1225	01641914
1226	00681429
1227	00451461
1228	00836788
1229	00618451
1230	01090446
1231	06196584
1232	14285662
1233	03679712
1234	00040152
1235	08630985
1236	02623529
1237	05581514
1238	02641463
1239	10054657
1240	04588365
1241	01023574
1242	00022686
1243	00179311
1244	02690384
1245	05109808
1246	02767433
1247	03180504
1248	10060352
1249	00915605
1250	06732013
1251	00827730
1252	02295208
1253	05131283
1254	05279026
1255	14373582
1256	01543998
1257	00978369
1258	00782527
1259	00916464
1260	01921772
1261	01725051
1262	05009170
1263	06647206
1264	09630641
1265	13870805
1266	07191777
1267	01843364
1268	08107499
1269	05832264
1270	02965783
1271	04677514
1272	00218208
1273	14841267
1274	00709625
1275	00055539
1276	05388805
1277	02034828
1278	10521662
1279	10576316
1280	05352291
1281	06693198
1282	00375625
1283	00797430
1284	08628921
1285	00230276
1286	05573895
1287	05593871
1288	00082081
1289	00592795
1290	00011757
1291	07647870
1292	05828102
1293	02082690
1294	02660819
1295	00363260
1296	00754424
1297	09955015
1298	01398919
1299	01005579
1300	01457954
1301	05344514
1302	02676054
1303	10209246
1304	01953810
1305	00963570
1306	00757856
1307	00531302
1308	08612786
1309	02742468
1310	06400510
1311	01718952
1312	00191142
1313	13814041
1314	02230772
1315	06490887
1316	00876442
1317	04051549
1318	14480772
1319	07415730
1320	01079873
1321	07993279
1322	00071178
1323	04836683
1324	14535431
1325	02640440
1326	00819508
1327	00574218
1328	09926862
1329	04904664
1330	10036266
1331	02499629
1332	00064643
1333	02515341
1334	04693384
1335	07090108
1336	03932203
1337	15140405
1338	04871720
1339	13134947
1340	02261888
1341	10484858
1342	01083044
1343	00996448
1344	10034201
1345	04287153
1346	10792178
1347	01744888
1348	05902545
1349	06313457
1350	05602548
1351	06251781
1352	05920791
1353	09310460
1354	02958343
1355	07311115
1356	15142836
1357	00165942
1358	01116380
1359	00628491
1360	01498872
1361	13477462
1362	02157557
1363	01389942
1364	02818832
1365	00696189
1366	10458111
1367	07050177
1368	00056188
1369	00712135
1370	08656590
1371	05032565
1372	01385170
1373	00372226
1374	01395617
1375	13459088
1376	01654628
1377	00484166
1378	02204692
1379	00835506
1380	00938419
1381	00708128
1382	00918872
1383	00062451
1384	08180190
1385	00679389
1386	00756338
1387	06818747
1388	02851099
1389	00740577
1390	06359877
1391	01076793
1392	01327301
1393	05601198
1394	00575741
1395	02199590
1396	01627947
1397	04039041
1398	06770875
1399	02146790
1400	01503061
1401	02387486
1402	01485158
1403	00158185
1404	06037298
1405	01048939
1406	05790242
1407	01377032
1408	10178611
1409	01923909
1410	05166805
1411	08166318
1412	00069879
1413	06880664
1414	05237755
1415	00818553
1416	01719921
1417	10034614
1418	02747667
1419	13740168
1420	00943837
1421	10618007
1422	15143276
1423	05810948
1424	01907258
1425	01018928
1426	07370270
1427	01789270
1428	07309781
1429	05178715
1430	10580030
1431	08568978
1432	02727462
1433	00325110
1434	02743261
1435	10307234
1436	14515463
1437	05855125
1438	01428580
1439	11480698
1440	05297523
1441	01150981
1442	13728499
1443	07389569
1444	00229260
1445	00996969
1446	08680888
1447	10363913
1448	02699141
1449	05978623
1450	02578008
1451	01347298
1452	13247554
1453	05088056
1454	00024264
1455	05172596
1456	05532795
1457	05797177
1458	13454318
1459	02694426
1460	05536370
1461	00206927
1462	01112584
1463	15271417
1464	04904851
1465	07048000
1466	00090779
1467	10339966
1468	05808218
1469	01369758
1470	05588551
1471	01664172
1472	01987545
1473	10608385
1474	04766620
1475	05764197
1476	05301072
1477	00445169
1478	00892467
1479	01358023
1480	04316646
1481	01636221
1482	02255462
1483	00636461
1484	00210518
1485	10003283
1486	01146918
1487	00644839
1488	10434725
1489	05933246
1490	05599203
1491	03430959
1492	06749881
1493	10012484
1494	02218759
1495	14778436
1496	04692157
1497	13154077
1498	05147940
1499	05520699
1500	09769345
1501	07450842
1502	13937554
1503	02284951
1504	03264136
1505	00119266
1506	04936846
1507	09626589
1508	00446493
1509	06367373
1510	00306314
1511	05785508
1512	00105333
1513	00756780
1514	04061969
1515	00855794
1516	05985999
1517	09609871
1518	03319745
1519	10206887
1520	00758627
1521	00359903
1522	01383638
1523	00618682
1524	02569630
1525	10511425
1526	05870180
1527	00353782
1528	10451263
1529	06418693
1530	00933821
1531	02074677
1532	01843689
1533	10700517
1534	04766275
1535	02029663
1536	09981540
1537	13525549
1538	00798717
1539	01896031
1540	02557199
1541	01347678
1542	00431447
1543	08108627
1544	00062133
1545	02690708
1546	00810598
1547	02637202
1548	10665302
1549	02305856
1550	05859991
1551	04937043
1552	01646866
1553	10738515
1554	01633173
1555	09285254
1556	04726938
1557	02023107
1558	00763399
1559	06282651
1560	06770275
1561	15258281
1562	07039238
1563	10691600
1564	00285889
1565	07395446
1566	09821831
1567	04080833
1568	05318606
1569	05809192
1570	00841986
1571	07362075
1572	10641755
1573	02736778
1574	06792645
1575	04770911
1576	06413889
1577	09909760
1578	02294436
1579	03062280
1580	11690893
1581	10725280
1582	03579355
1583	01020934
1584	13558490
1585	03065685
1586	00940709
1587	10771392
1588	03574555
1589	00939035
1590	02310482
1591	00114431
1592	02400037
1593	00759269
1594	09349648
1595	02506546
1596	00571596
1597	13790712
1598	01197980
1599	01486312
1600	04876985
1601	10538154
1602	00051712
1603	05780104
1604	02141973
1605	06174404
1606	13518963
1607	02180797
1608	00811355
1609	01048718
1610	00931453
1611	04689660
1612	00380083
1613	07150644
1614	00002684
1615	06687701
1616	10680609
1617	00040353
1618	01221790
1619	05996646
1620	07344663
1621	06338908
1622	07253637
1623	10207831
1624	02933462
1625	06524935
1626	01259458
1627	13083586
1628	05560244
1629	07338681
1630	03194992
1631	10235549
1632	00747418
1633	02625016
1634	01455184
1635	07423365
1636	01148614
1637	01462468
1638	02620724
1639	02744977
1640	00588221
1641	00836236
1642	00055315
1643	02650840
1644	03579538
1645	02459633
1646	14575399
1647	01034312
1648	05568767
1649	13367593
1650	02040049
1651	01184625
1652	01378556
1653	00721437
1654	14408951
1655	01591835
1656	10438172
1657	00144850
1658	07357679
1659	01638368
1660	01128390
1661	00126264
1662	00227165
1663	07885223
1664	05651242
1665	14578104
1666	00042757
1667	00570590
1668	01191158
1669	00973728
1670	00475183
1671	01049266
1672	08672562
1673	00527572
1674	00002325
1675	07136940
1676	00194969
1677	04585745
1678	01094725
1679	01635432
1680	00322228
1681	00926702
1682	04202417
1683	07508232
1684	08187837
1685	04164989
1686	01979462
1687	09775663
1688	00704388
1689	00949974
1690	01057200
1691	02147109
1692	01046984
1693	02742322
1694	05593017
1695	01243661
1696	05287882
1697	00658082
1698	01976146
1699	05599617
1700	00053913
1701	01184814
1702	04837425
1703	06568978
1704	01041954
1705	02733122
1706	10409752
1707	10001217
1708	07335097
1709	00797299
1710	08266235
1711	02550296
1712	00813978
1713	00138508
1714	03137228
1715	00235918
1716	06556692
1717	02267989
1718	11552386
1719	00893435
1720	00033599
1721	02150948
1722	00368109
1723	02128653
1724	00377169
1725	02296984
1726	00838524
1727	02291843
1728	01500873
1729	01143040
1730	00779374
1731	08630039
1732	06633363
1733	01030132
1734	06549661
1735	02478701
1736	05051896
1737	06080522
1738	09283623
1739	14525548
1740	01144355
1741	00947077
1742	04826999
1743	01352996
1744	00946499
1745	07375635
1746	07405893
1747	00611055
1748	01981036
1749	02608823
1750	14480420
1751	01220984
1752	05466005
1753	02109818
1754	02838592
1755	02185988
1756	01029406
1757	01017320
1758	00378985
1759	07363346
1760	04154152
1761	05034225
1762	01003249
1763	05083328
1764	10731848
1765	06613056
1766	00884540
1767	02335828
1768	07961480
1769	09812338
1770	00105624
1771	02711114
1772	02711987
1773	01036804
1774	01994442
1775	05387167
1776	00004258
1777	04602044
1778	05338410
1779	06252138
1780	10767519
1781	08111157
1782	01764171
1783	13560079
1784	00164345
1785	05792842
1786	08101085
1787	07138915
1788	02436349
1789	01535246
1790	02378183
1791	00670991
1792	00599234
1793	10596899
1794	00593732
1795	04680285
1796	04152593
1797	00719231
1798	06714420
1799	00027167
1800	00034574
1801	10009276
1802	07345593
1803	00090708
1804	04110439
1805	06764244
1806	01881696
1807	01909397
1808	00289082
1809	09878275
1810	15266265
1811	00112312
1812	00202236
1813	01560731
1814	05209822
1815	00614057
1816	00440286
1817	02501738
1818	03714721
1819	01729431
1820	00708017
1821	02323059
1822	04750164
1823	00476389
1824	01540449
1825	04296562
1826	06615561
1827	01506157
1828	13903079
1829	05072663
1830	05528854
1831	02076027
1832	01932973
1833	00656576
1834	13439570
1835	07223170
1836	05475681
1837	00896803
1838	02471327
1839	01636397
1840	00986027
1841	15003969
1842	07109196
1843	14525365
1844	00646738
1845	00171586
1846	01935476
1847	00716945
1848	00230033
1849	05194043
1850	00672277
1851	07439570
1852	13920835
1853	05327767
1854	01201429
1855	05167618
1856	01356038
1857	00433232
1858	02424652
1859	00907657
1860	07567390
1861	01978576
1862	07550666
1863	01680132
1864	00161243
1865	00596644
1866	01250908
1867	00683280
1868	08101937
1869	00902652
1870	00594146
1871	00695475
1872	07521674
1873	02468261
1874	05784699
1875	02172888
1876	01016002
1877	01054545
1878	14562683
1879	00185857
1880	14464203
1881	03177349
1882	05718935
1883	05495172
1884	02730135
1885	11501230
1886	01412548
1887	10514429
1888	00626800
1889	04250850
1890	02650552
1891	00598954
1892	10046527
1893	01843055
1894	02440020
1895	07245125
1896	05367735
1897	06671484
1898	03303965
1899	02573275
1900	00784342
1901	07180570
1902	02902250
1903	02063771
1904	00854904
1905	06709998
1906	00058002
1907	06321054
1908	00376063
1909	04105068
1910	03882611
1911	00765977
1912	01015866
1913	02726017
1914	00881649
1915	00701877
1916	01745536
1917	13275847
1918	08009834
1919	04681387
1920	03005920
1921	00956131
1922	03619396
1923	00407848
1924	01066881
1925	13576101
1926	01780202
1927	03094503
1928	07432559
1929	00391599
1930	00055142
1931	08566707
1932	01990694
1933	06688522
1934	02700064
1935	10743675
1936	00171618
1937	02038357
1938	07416714
1939	00967098
1940	01195867
1941	04473432
1942	07395104
1943	05261566
1944	00520257
1945	08462205
1946	10599806
1947	01531998
1948	00002452
1949	02450256
1950	00721098
1951	04590746
1952	02256109
1953	02610845
1954	00886978
1955	13864965
1956	07365193
1957	01051082
1958	02056880
1959	03525252
1960	01104637
1961	01009240
1962	02412175
1963	00918820
1964	00838098
1965	01611516
1966	00614489
1967	00813790
1968	13265904
1969	01020936
1970	00732224
1971	02853218
1972	02215355
1973	10191943
1974	04661151
1975	01699539
1976	00387657
1977	06258680
1978	05465567
1979	07290905
1980	01549719
1981	00112628
1982	00318035
1983	00392950
1984	01848718
1985	06389553
1986	01426077
1987	01014731
1988	00058743
1989	05470189
1990	14371161
1991	05650820
1992	04341414
1993	08374049
1994	01793177
1995	13285714
1996	07423001
1997	02713594
1998	07137129
1999	02734217
2000	07130050
2001	04630689
2002	13741022
2003	13342987
2004	00237078
2005	03836062
2006	07510625
2007	09882716
2008	05776015
2009	05692419
2010	14598079
2011	00313245
2012	00218045
2013	07447022
2014	05197797
2015	07070429
2016	00276883
2017	04160372
2018	01821266
2019	13275495
2020	00611433
2021	05423779
2022	00592702
2023	02540347
2024	06343971
2025	07649854
2026	01189282
2027	06522501
2028	04999401
2029	07939382
2030	13889843
2031	02698944
2032	06398760
2033	05555688
2034	15152817
2035	08119821
2036	07534108
2037	00635850
2038	11499284
2039	07226545
2040	02995345
2041	04613158
2042	00654885
2043	02309341
2044	01342529
2045	10658304
2046	08008335
2047	01225461
2048	03748886
2049	00250181
2050	01244410
2051	04898437
2052	09824609
2053	01456771
2054	15142167
2055	00217014
2056	07129867
2057	01168569
2058	10455619
2059	10420031
2060	00819024
2061	00729109
2062	00479391
2063	05343542
2064	09758781
2065	14418662
2066	02883344
2067	06284225
2068	10553805
2069	10379758
2070	10786033
2071	03739518
2072	00414409
2073	15244650
2074	04733204
2075	05162455
2076	13523661
2077	02517169
2078	03964744
2079	04549919
2080	06254475
2081	02180529
2082	03175081
2083	02679012
2084	13534954
2085	00776523
2086	09278537
2087	09794917
2088	08063446
2089	02655135
2090	00795264
2091	00046522
2092	00988028
2093	00956250
2094	15286042
2095	00344125
2096	07324380
2097	03154073
2098	01459896
2099	02472293
2100	06756680
2101	01548193
2102	04617562
2103	05480794
2104	04631298
2105	03244388
2106	06721949
2107	04209613
2108	04125853
2109	05854812
2110	01739814
2111	00522751
2112	02034986
2113	14017332
2114	07367548
2115	08381636
2116	05941423
2117	00432683
2118	01878466
2119	03733925
2120	06324475
2121	05200169
2122	13989863
2123	00852506
2124	05590366
2125	13813765
2126	02472223
2127	01252280
2128	07006712
2129	05038593
2130	01841079
2131	13939892
2132	00418025
2133	04552696
2134	06589574
2135	01685313
2136	07527352
2137	02576921
2138	09184975
2139	13779374
2140	01254324
2141	01423285
2142	01870867
2143	00545501
2144	15254028
2145	00283911
2146	01558883
2147	01627355
2148	10180580
2149	02357693
2150	00121166
2151	02068413
2152	00859153
2153	00894738
2154	00920336
2155	00976653
2156	01012073
2157	07414922
2158	00950858
2159	01804961
2160	01378123
2161	13962498
2162	01329239
2163	01059719
2164	00115036
2165	00452512
2166	07519040
2167	10252222
2168	10209082
2169	09901143
2170	03419014
2171	00003553
2172	01168468
2173	08060446
2174	10509605
2175	07323922
2176	04689450
2177	05623818
2178	02897524
2179	08559155
2180	09823287
2181	06879180
2182	02043190
2183	00888786
2184	06797169
2185	06170498
2186	01410363
2187	05905348
2188	00600370
2189	06003682
2190	06740644
2191	09631463
2192	01190948
2193	01742886
2194	02670890
2195	06397903
2196	00151497
2197	02448185
2198	02285629
2199	05838176
2200	00201671
2201	00933403
2202	10605985
2203	00198793
2204	01410905
2205	04081844
2206	01548694
2207	00230172
2208	00563824
2209	01684899
2210	13864153
2211	00048374
2212	14486122
2213	02523521
2214	00013615
2215	04188643
2216	10075529
2217	15274074
2218	02156546
2219	02394445
2220	00676450
2221	07334490
2222	00914420
2223	13527965
2224	00336539
2225	05860200
2226	00745005
2227	15180528
2228	07417043
2229	01835496
2230	10629020
2231	00215314
2232	10741590
2233	09385137
2234	08239808
2235	08166187
2236	02070874
2237	01239359
2238	04553703
2239	02609203
2240	00835267
2241	13534274
2242	01418667
2243	01150559
2244	09795124
2245	06765044
2246	07705711
2247	03916720
2248	07159791
2249	07524760
2250	07366289
2251	00591115
2252	07185668
2253	00716758
2254	01212519
2255	01644050
2256	01554799
2257	04516672
2258	06731186
2259	09448361
2260	00828374
2261	00795720
2262	01206153
2263	04650201
2264	01049475
2265	14507951
2266	00208497
2267	01343918
2268	05133287
2269	02511551
2270	02455407
2271	10078806
2272	07018931
2273	14425414
2274	06768901
2275	00380568
2276	00086809
2277	10609092
2278	02066510
2279	14818238
2280	05517578
2281	00100253
2282	04332243
2283	00869583
2284	06355705
2285	14704465
2286	00165178
2287	02323286
2288	01704452
2289	02671421
2290	01225783
2291	01582645
2292	09615465
2293	10079399
2294	02682424
2295	00209174
2296	00768062
2297	00787465
2298	01661243
2299	02584643
2300	05982152
2301	09944160
2302	00260648
2303	10249950
2304	01845229
2305	06677302
2306	15256245
2307	01778212
2308	06761603
2309	01426397
2310	01015310
2311	00140123
2312	00125436
2313	00325502
2314	02681084
2315	10252547
2316	01454810
2317	10480253
2318	00896141
2319	10059162
2320	08567877
2321	00163779
2322	15113229
2323	07162680
2324	02523784
2325	04451818
2326	01634142
2327	05637558
2328	05981230
2329	01448100
2330	02108377
2331	05036394
2332	10323182
2333	03432129
2334	05395690
2335	05301908
2336	06761099
2337	01033189
2338	02382087
2339	02881193
2340	01024190
2341	01104406
2342	09790482
2343	01107932
2344	10249459
2345	02723733
2346	07497976
2347	00039021
2348	02924713
2349	05397178
2350	00338641
2351	07992450
2352	10626867
2353	02584915
2354	07495551
2355	00298161
2356	00386676
2357	00136991
2358	01215902
2359	06018022
2360	05602132
2361	00340463
2362	02027411
2363	01129977
2364	08511241
2365	01072262
2366	00532892
2367	01328702
2368	05917477
2369	01563336
2370	05840650
2371	00586262
2372	01011166
2373	04802403
2374	04878861
2375	03281145
2376	01969216
2377	00097504
2378	05657718
2379	01350449
2380	02486932
2381	02291548
2382	06084469
2383	01772960
2384	02253154
2385	10624540
2386	07246036
2387	03079741
2388	06253518
2389	00022316
2390	09258715
2391	02081178
2392	05426243
2393	02130300
2394	00047945
2395	14597158
2396	09901642
2397	02232190
2398	01019472
2399	02586619
2400	01845720
2401	06353934
2402	01629589
2403	06372095
2404	05708432
2405	00374534
2406	05465868
2407	01468576
2408	06373991
2409	02321391
2410	03182232
2411	02479154
2412	01279978
2413	06551784
2414	02492362
2415	06759349
2416	05289297
2417	03178782
2418	06791372
2419	05304932
2420	02212646
2421	02603699
2422	00607114
2423	01286913
2424	02208903
2425	00631378
2426	01354673
2427	02541302
2428	01796346
2429	04551375
2430	00429968
2431	00870453
2432	00184117
2433	02821627
2434	00286605
2435	00885082
2436	13313733
2437	01619929
2438	00812298
2439	10785695
2440	07214994
2441	08419163
2442	02741357
2443	14492953
2444	00861560
2445	02040054
2446	01103180
2447	14445226
2448	05663671
2449	00043683
2450	01770802
2451	13370448
2452	05675905
2453	02153023
2454	00634472
2455	01157517
2456	02337364
2457	00234725
2458	10638385
2459	01810447
2460	13408980
2461	02094569
2462	02490877
2463	05833840
2464	00503164
2465	05785885
2466	00850501
2467	02568884
2468	00737884
2469	05807306
2470	00075021
2471	01090335
2472	00420477
2473	01744111
2474	05434927
2475	10513120
2476	15236475
2477	06650431
2478	07319909
2479	10063461
2480	02131279
2481	00251463
2482	00999815
2483	05534333
2484	02586121
2485	05325378
2486	00610374
2487	02569790
2488	00442669
2489	02724417
2490	00915722
2491	00557588
2492	09767197
2493	00952524
2494	00381013
2495	06740402
2496	10575787
2497	08677628
2498	00550282
2499	07550369
2500	13580415
2501	00708980
2502	00613683
2503	05758059
2504	02511633
2505	09824361
2506	02447793
2507	01636993
2508	04551055
2509	02556817
2510	11414608
2511	02735897
2512	08054721
2513	14298815
2514	01033458
2515	10415638
2516	10487182
2517	01646300
2518	07390400
2519	07351612
2520	00872107
2521	00874067
2522	02409148
2523	04806804
2524	10464178
2525	02376958
2526	06516595
2527	01651444
2528	00975902
2529	02571511
2530	10148305
2531	05546540
2532	00072012
2533	00222135
2534	00987071
2535	04055861
2536	00337903
2537	00770141
2538	02681795
2539	00471058
2540	02468864
2541	08189659
2542	04209239
2543	05302499
2544	06201042
2545	04626705
2546	04841358
2547	03699975
2548	00684480
2549	02082527
2550	09762821
2551	02537960
2552	10004539
2553	05395286
2554	01158572
2555	01040707
2556	00941777
2557	00828082
2558	02426171
2559	09805475
2560	02537092
2561	00943563
2562	01492052
2563	10441694
2564	02410855
2565	01675963
2566	04679549
2567	05849789
2568	01802494
2569	02611002
2570	01931768
2571	00515154
2572	06643408
2573	05770926
2574	09937688
2575	03045074
2576	05019661
2577	01311103
2578	00387310
2579	13087625
2580	05896059
2581	02278830
2582	02051694
2583	05724694
2584	00346693
2585	02285392
2586	01225562
2587	00623670
2588	00351485
2589	04149083
2590	04076533
2591	00218427
2592	01053920
2593	03249342
2594	09451517
2595	00090186
2596	10006842
2597	00887081
2598	04928903
2599	14064644
2600	07776866
2601	04836074
2602	00116619
2603	01295275
2604	02536329
2605	00939277
2606	05760202
2607	05436080
2608	02189714
2609	04357930
2610	14285276
2611	00240754
2612	00795632
2613	05549830
2614	10466918
2615	09958892
2616	05157866
2617	02505716
2618	07292694
2619	00651991
2620	01328705
2621	05459232
2622	08146593
2623	08567235
2624	00276373
2625	02996605
2626	00141806
2627	01316401
2628	04461696
2629	03304730
2630	01701311
2631	10560637
2632	01159655
2633	05805475
2634	04638175
2635	00111129
2636	05829480
2637	06207561
2638	06619428
2639	00425090
2640	01022008
2641	00046534
2642	00886281
2643	01315613
2644	00613393
2645	00548781
2646	00066685
2647	04184435
2648	14504726
2649	02103481
2650	02735418
2651	02108791
2652	10549510
2653	01738774
2654	06758225
2655	14405774
2656	03084204
2657	00597634
2658	10786517
2659	07384741
2660	05700087
2661	00388065
2662	02656763
2663	01256417
2664	13793504
2665	01256600
2666	09975425
2667	00820352
2668	00101191
2669	04526241
2670	07301336
2671	01103614
2672	06364641
2673	00772967
2674	00811375
2675	05035961
2676	00839778
2677	01095218
2678	01247804
2679	06729499
2680	00261705
2681	00753685
2682	02229055
2683	00773402
2684	07321772
2685	02964634
2686	00046177
2687	02419773
2688	14414715
2689	00621476
2690	01909978
2691	07353075
2692	00004475
2693	00893955
2694	00697589
2695	00657604
2696	07291312
2697	13773539
2698	02725714
2699	01687569
2700	13085864
2701	00884946
2702	00021939
2703	03764276
2704	09376198
2705	06355894
2706	07500741
2707	03302121
2708	00367685
2709	02505358
2710	06743506
2711	00442063
2712	10469346
2713	02991122
2714	00140900
2715	01761120
2716	00413876
2717	13244109
2718	08108972
2719	05831784
2720	01471682
2721	01240432
2722	01653442
2723	02153445
2724	05502556
2725	14938907
2726	05624700
2727	01934554
2728	03499142
2729	08054417
2730	01474513
2731	06193727
2732	02581477
2733	02425913
2734	06066555
2735	06472242
2736	02717102
2737	05763916
2738	08660339
2739	00477941
2740	01970348
2741	01976089
2742	00241038
2743	14940386
2744	14411981
2745	00990655
2746	07233214
2747	07232421
2748	01909812
2749	08565701
2750	02700867
2751	02387034
2752	02110220
2753	01277784
2754	02386012
2755	10030277
2756	10463943
2757	00747135
2758	05806623
2759	03800933
2760	03838160
2761	02553697
2762	01901289
2763	06750804
2764	13572436
2765	01075164
2766	00237511
2767	01239619
2768	02262139
2769	02628337
2770	08373244
2771	13993517
2772	07334876
2773	04717139
2774	02349212
2775	00689205
2776	05984584
2777	05529159
2778	01076615
2779	01449974
2780	01821423
2781	01272397
2782	13465530
2783	02008066
2784	01461152
2785	07881800
2786	10290422
2787	05075602
2788	00084738
2789	09770949
2790	01643657
2791	07305234
2792	05271383
2793	00307631
2794	00248977
2795	07161429
2796	02385634
2797	05279953
2798	00783063
2799	04895246
2800	00245457
2801	08188638
2802	05329533
2803	01996585
2804	03859958
2805	14940100
2806	04211528
2807	02460483
2808	05333777
2809	02728440
2810	14488317
2811	00597915
2812	00480969
2813	13809207
2814	00267349
2815	02299269
2816	01067070
2817	03613592
2818	10380672
2819	07649463
2820	02937108
2821	08322981
2822	02556126
2823	06045562
2824	06539770
2825	07286368
2826	02212825
2827	00033615
2828	03167666
2829	00874621
2830	02265231
2831	14015731
2832	10019888
2833	05277728
2834	02716165
2835	10227985
2836	00047317
2837	05896733
2838	00090888
2839	02624263
2840	02479323
2841	01516534
2842	01569566
2843	08400965
2844	10393909
2845	00750532
2846	00908099
2847	04289027
2848	02311387
2849	00344040
2850	06278136
2851	03562126
2852	00820611
2853	06601327
2854	01684663
2855	15258450
2856	09911570
2857	10053808
2858	01588134
2859	02730568
2860	14006945
2861	00199130
2862	00199707
2863	01979241
2864	02454649
2865	09607630
2866	01253277
2867	07578363
2868	01964367
2869	00027807
2870	00920778
2871	05827253
2872	04682018
2873	00647542
2874	03354613
2875	00699815
2876	01144876
2877	00316594
2878	06734467
2879	00649481
2880	10703692
2881	04729710
2882	10593115
2883	05766984
2884	14286549
2885	00551065
2886	10309896
2887	01062583
2888	15257416
2889	14513259
2890	03956922
2891	00843128
2892	00193486
2893	13742358
2894	04695176
2895	10532576
2896	10583387
2897	10428004
2898	02761392
2899	02630189
2900	07154330
2901	05999797
2902	02660147
2903	13558696
2904	01834304
2905	15268239
2906	04997988
2907	06736405
2908	00341285
2909	02389346
2910	02887970
2911	02549581
2912	00037919
2913	13524925
2914	01058574
2915	08647616
2916	07326557
2917	09048460
2918	00795785
2919	02354537
2920	01850315
2921	14407536
2922	10215623
2923	00805376
2924	08681222
2925	05160796
2926	01008947
2927	01176219
2928	01083645
2929	04050410
2930	00115157
2931	00546192
2932	01140839
2933	01190277
2934	00215800
2935	00875246
2936	01037303
2937	01758308
2938	10561861
2939	01998793
2940	02673965
2941	04424218
2942	00604617
2943	02662297
2944	00055633
2945	00359614
2946	00880269
2947	00003356
2948	01714208
2949	00360143
2950	01085474
2951	05773923
2952	05916739
2953	02850732
2954	02069248
2955	05697976
2956	00309310
2957	03005423
2958	01621555
2959	00714944
2960	02629256
2961	00427853
2962	02135048
2963	08188449
2964	07343363
2965	00964911
2966	06733939
2967	05476256
2968	00727573
2969	08403225
2970	01466978
2971	05908520
2972	02570062
2973	01753596
2974	00400883
2975	09974054
2976	00820976
2977	06648724
2978	06753299
2979	13872421
2980	02842445
2981	05936381
2982	03605915
2983	04779649
2984	00540946
2985	00037457
2986	00779248
2987	00931852
2988	01809064
2989	00795008
2990	10583250
2991	13553916
2992	00377686
2993	03918737
2994	13929852
2995	01458973
2996	10642151
2997	00004227
2998	09505153
2999	14450691
3000	05567217
3001	03316406
3002	05857459
3003	00034213
3004	10214637
3005	14016361
3006	04606358
3007	02561332
3008	08673395
3009	04850117
3010	00921738
3011	10801291
3012	00803394
3013	00696700
3014	00559102
3015	06799897
3016	07213395
3017	00695300
3018	10488865
3019	08164585
3020	00581812
3021	01117164
3022	07496755
3023	00066216
3024	03169390
3025	01180695
3026	01201089
3027	00446329
3028	05786372
3029	07251619
3030	00701040
3031	10724699
3032	05632446
3033	01428853
3034	13333047
3035	00282050
3036	00980779
3037	00581891
3038	04846770
3039	06479665
3040	04668819
3041	02128286
3042	00973056
3043	06691442
3044	07561112
3045	02575082
3046	05761918
3047	00414627
3048	01082606
3049	04781349
3050	06054700
3051	04934546
3052	00823669
3053	10520804
3054	14418395
3055	07375214
3056	05509889
3057	02426395
3058	06308049
3059	02428487
3060	02610628
3061	06346681
3062	05840188
3063	04446521
3064	03008275
3065	07360647
3066	02066939
3067	01722077
3068	02314275
3069	10692883
3070	00959827
3071	02670398
3072	00376400
3073	07221756
3074	01505991
3075	01061017
3076	01466257
3077	01356750
3078	05590740
3079	07007684
3080	01771390
3081	01151110
3082	00539110
3083	04314914
3084	07087777
3085	09913329
3086	05216365
3087	00390581
3088	05581693
3089	00455599
3090	00625774
3091	01016832
3092	00663353
3093	00506658
3094	05579944
3095	08123167
3096	06128570
3097	00844941
3098	10360101
3099	00983824
3100	00464894
3101	14451020
3102	04840011
3103	03533486
3104	01484392
3105	09904057
3106	00742320
3107	00611972
3108	00014549
3109	07963087
3110	00246217
3111	05669934
3112	06559365
3113	15271008
3114	02898711
3115	02656390
3116	10779775
3117	13858604
3118	00971015
3119	01512259
3120	03882058
3121	07409592
3122	10401829
3123	00114871
3124	14559983
3125	10180178
3126	04151581
3127	10583916
3128	02161922
3129	10564224
3130	00015388
3131	13258362
3132	02240881
3133	01106808
3134	07006119
3135	02584981
3136	03775199
3137	00802318
3138	02320374
3139	01261974
3140	02974219
3141	00001740
3142	03087366
3143	00018158
3144	02244956
3145	04869569
3146	00618734
3147	02151625
3148	07452699
3149	02963821
3150	02193194
3151	05926676
3152	01051331
3153	01791535
3154	01551195
3155	07160883
3156	09991867
3157	02384275
3158	02036578
3159	06094774
3160	05002822
3161	04516874
3162	00495998
3163	05796423
3164	00446695
3165	10037385
3166	06776138
3167	05782140
3168	00042457
3169	01374582
3170	00045907
3171	07273136
3172	07080868
3173	07650637
3174	00444309
3175	00205598
3176	00345761
3177	04321534
3178	01767949
3179	01292885
3180	00059019
3181	00342980
3182	00577068
3183	07540866
3184	01590747
3185	04910973
3186	02011810
3187	14036203
3188	00831191
3189	02031158
3190	00074038
3191	02460619
3192	02560767
3193	02376277
3194	10140314
3195	01817938
3196	01959294
3197	00689344
3198	14001728
3199	01166093
3200	15055633
3201	00261604
3202	03894379
3203	01108148
3204	05552607
3205	05398609
3206	02045043
3207	10332385
3208	08651247
3209	09840050
3210	01412912
3211	00156390
3212	04940964
3213	01318053
3214	07122730
3215	00954311
3216	01736822
3217	05474346
3218	00590518
3219	02698443
3220	07472929
3221	07325190
3222	04019101
3223	00868196
3224	05324553
3225	09279458
3226	03002351
3227	13266170
3228	14483917
3229	02690941
3230	05017458
3231	00643250
3232	00777931
3233	02994448
3234	07251779
3235	05550330
3236	06649915
3237	06610992
3238	00511817
3239	14560612
3240	02661252
3241	06511874
3242	07201365
3243	09623038
3244	03683708
3245	10689564
3246	09880741
3247	07942152
3248	09625401
3249	00607780
3250	05310351
3251	04689198
3252	05726596
3253	05435277
3254	06367107
3255	00751567
3256	09771664
3257	00414174
3258	02400378
3259	00029378
3260	09825096
3261	02333689
3262	05846355
3263	01224031
3264	01504437
3265	02237024
3266	05123760
3267	02472033
3268	00544549
3269	00710005
3270	00937208
3271	10480018
3272	00453731
3273	05793554
3274	14577046
3275	14854262
3276	02165543
3277	01482449
3278	00383542
3279	00788097
3280	00180413
3281	09622049
3282	10451590
3283	00102779
3284	00173764
3285	07242104
3286	05803938
3287	01877620
3288	02558951
3289	00609953
3290	02614181
3291	08122141
3292	00876332
3293	04892084
3294	04649261
3295	05838765
3296	09966255
3297	00831651
3298	05633385
3299	06018465
3300	14547369
3301	02405390
3302	01432474
3303	01236164
3304	13536794
3305	02037708
3306	01031705
3307	07524529
3308	10468750
3309	00611481
3310	04728786
3311	01987160
3312	00426608
3313	05298729
3314	02106006
3315	00912473
3316	01134781
3317	01746605
3318	01759326
3319	02889425
3320	13541167
3321	00715074
3322	00318735
3323	06610143
3324	10029068
3325	01819554
3326	07248060
3327	04861486
3328	08274565
3329	02179518
3330	02635794
3331	13268146
3332	01084637
3333	05804274
3334	00222248
3335	00582388
3336	02020590
3337	02962200
3338	02573127
3339	07012534
3340	07335414
3341	02458747
3342	10426454
3343	01662118
3344	09415938
3345	09615211
3346	14561618
3347	07436100
3348	00093327
3349	10155849
3350	09786922
3351	00879759
3352	06136258
3353	04620216
3354	09867956
3355	01200440
3356	07214432
3357	00797878
3358	02918595
3359	02318464
3360	00252019
3361	03194812
3362	01609287
3363	01803003
3364	05329215
3365	05199286
3366	01593614
3367	09854510
3368	07215377
3369	01085237
3370	06875697
3371	10687231
3372	00418903
3373	01883344
3374	04922113
3375	02012344
3376	01587062
3377	01325536
3378	01036333
3379	00605086
3380	13954253
3381	06725877
3382	02539334
3383	10314952
3384	00904690
3385	13761171
3386	02697725
3387	05675130
3388	01062555
3389	01548718
3390	11511765
3391	00102586
3392	14436438
3393	01410223
3394	00603298
3395	09855630
3396	01800349
3397	07500414
3398	08357784
3399	00010435
3400	14287113
3401	07410207
3402	13413493
3403	00494907
3404	08057633
3405	03544360
3406	10370381
3407	01539633
3408	14050143
3409	15153787
3410	01812720
3411	00007846
3412	02996904
3413	09178999
3414	06400271
3415	09897696
3416	06333653
3417	00048656
3418	00592102
3419	02281093
3420	09629752
3421	06004067
3422	13962166
3423	01566490
3424	01762528
3425	00863433
3426	13990502
3427	05275466
3428	09931640
3429	07252378
3430	10718131
3431	10182499
3432	14875077
3433	00219575
3434	02496816
3435	02554922
3436	00788564
3437	10623354
3438	06678302
3439	14591091
3440	02338386
3441	02052476
3442	04447028
3443	00435853
3444	05919866
3445	05194151
3446	02418421
3447	02435867
3448	15253139
3449	00041188
3450	00522537
3451	01644522
3452	02487718
3453	00838043
3454	02061846
3455	11452218
3456	10791221
3457	00359492
3458	00686890
3459	01656458
3460	00917772
3461	06712833
3462	00935940
3463	06259898
3464	05151088
3465	00948853
3466	01247647
3467	05787005
3468	10102506
3469	03335030
3470	00348008
3471	00722232
3472	06602148
3473	03401500
3474	04590553
3475	06684383
3476	02107248
3477	01580467
3478	06252743
3479	01967104
3480	05564323
3481	00212808
3482	00556193
3483	10495167
3484	07993109
3485	02115778
3486	00784727
3487	00019792
3488	03871083
3489	02641035
3490	01993926
3491	00883297
3492	14497763
3493	03082979
3494	02749778
3495	00646542
3496	03201208
3497	01864634
3498	07009538
3499	08438067
3500	02509919
3501	00207418
3502	10115082
3503	05694791
3504	01037650
3505	04016576
3506	10804406
3507	06756831
3508	00816353
3509	00036362
3510	02712243
3511	00172710
3512	01021973
3513	08491027
3514	02634808
3515	02409941
3516	00264529
3517	00023271
3518	13559782
3519	04674715
3520	06798558
3521	00931467
3522	00907147
3523	00300761
3524	05710020
3525	02582042
3526	02514825
3527	09848489
3528	01770501
3529	01000214
3530	01030820
3531	01563005
3532	05344848
3533	10728998
3534	05225602
3535	01497736
3536	00782057
3537	08624385
3538	00403092
3539	02408965
3540	01544692
3541	07337390
3542	06172502
3543	00593944
3544	00050195
3545	01011725
3546	10266328
3547	00171127
3548	01919931
3549	01310660
3550	13809920
3551	04008385
3552	05806855
3553	07339329
3554	06786629
3555	01301410
3556	01172889
3557	10251779
3558	02586458
3559	05430095
3560	09810166
3561	02912065
3562	01989873
3563	07356676
3564	14023997
3565	00371314
3566	05781800
3567	05168261
3568	02560548
3569	03473465
3570	01019129
3571	02708711
3572	06169285
3573	00824767
3574	00648224
3575	05906554
3576	05868477
3577	06634095
3578	01989669
3579	03246052
3580	13865483
3581	00001930
3582	01695567
3583	02290029
3584	07523905
3585	00662589
3586	00124880
3587	05968450
3588	01061320
3589	00959731
3590	06762711
3591	02463403
3592	05221895
3593	00372607
3594	00404726
3595	07109019
3596	13096863
3597	13780719
3598	00464651
3599	01848465
3600	08679972
3601	01172275
3602	15280497
3603	01161635
3604	04871374
3605	10003120
3606	01806505
3607	07184391
3608	13859043
3609	00889229
3610	03209141
3611	08512259
3612	10044879
3613	05651068
3614	04096848
3615	05511618
3616	00411020
3617	08623927
3618	01968569
3619	00809465
3620	01511380
3621	02517442
3622	01164273
3623	00558371
3624	03791235
3625	01973125
3626	00772189
3627	04990220
3628	10085217
3629	01321456
3630	05389762
3631	06602935
3632	01105909
3633	01170962
3634	01103000
3635	00714531
3636	02441022
3637	10005548
3638	13307901
3639	00901799
3640	03526198
3641	01794668
3642	05721500
3643	06710546
3644	14498096
3645	10565302
3646	05986948
3647	00053097
3648	14562324
3649	02603926
3650	01194483
3651	14031523
3652	01489465
3653	01266491
3654	01494310
3655	01149470
3656	02157100
3657	11450869
3658	07939638
3659	13503908
3660	02609764
3661	10521470
3662	00631737
3663	00038849
3664	00644583
3665	02444662
3666	10269785
3667	04635104
3668	05296775
3669	01127075
3670	00940412
3671	00052334
3672	00545557
3673	01526290
3674	10729175
3675	01123415
3676	00950431
3677	15258694
3678	00475787
3679	00023773
3680	10032676
3681	04662951
3682	02297948
3683	00946105
3684	05250659
3685	07218470
3686	00070641
3687	01369663
3688	06681551
3689	03294048
3690	03330947
3691	10355449
3692	07963711
3693	10740017
3694	04320126
3695	05766247
3696	02217695
3697	01209678
3698	00988287
3699	00200863
3700	13549672
3701	00192836
3702	03051540
3703	05584928
3704	00483146
3705	00220522
3706	10034906
3707	02106506
3708	15226214
3709	02154416
3710	14048134
3711	01846916
3712	00993014
3713	00732960
3714	00063652
3715	00369138
3716	05594037
3717	00564857
3718	02744651
3719	01935233
3720	07308563
3721	02500619
3722	02493030
3723	06153186
3724	02727883
3725	14419164
3726	13458571
3727	02782815
3728	00943363
3729	06539178
3730	00134780
3731	08059870
3732	01073995
3733	01653873
3734	01253060
3735	00634276
3736	02049696
3737	02694933
3738	04660536
3739	06684572
3740	00781912
3741	01963942
3742	00240938
3743	01973759
3744	00089351
3745	01564144
3746	00626188
3747	02773037
3748	04329190
3749	05017230
3750	00301187
3751	01282014
3752	09915964
3753	02074377
3754	10557854
3755	10335801
3756	00949093
3757	04639113
3758	00594621
3759	01637368
3760	00797697
3761	05566097
3762	04552348
3763	10716005
3764	02304648
3765	00525453
3766	09222051
3767	08103457
3768	00610010
3769	02468617
3770	01449053
3771	01320009
3772	08050678
3773	10673451
3774	01734300
3775	00949134
3776	03560567
3777	05501711
3778	02576349
3779	01853696
3780	00336922
3781	01921204
3782	01254013
3783	00521209
3784	05775407
3785	04760771
3786	05578251
3787	00733044
3788	02710673
3789	01127379
3790	06256697
3791	10201535
3792	02619424
3793	01130455
3794	05772215
3795	00474492
3796	00173283
3797	09792555
3798	00528990
3799	06528992
3800	01232412
3801	06711159
3802	03288225
3803	00824066
3804	01867502
3805	10169796
3806	02043501
3807	00151689
3808	01363648
3809	00817311
3810	01077350
3811	00212414
3812	10732314
3813	14840092
3814	13485408
3815	00140652
3816	01721754
3817	08064130
3818	06762380
3819	00262703
3820	05869584
3821	00921790
3822	08293982
3823	00390906
3824	10763725
3825	06481320
3826	01896478
3827	01458228
3828	00045639
3829	06880249
3830	05064037
3831	05148699
3832	08560952
3833	07241837
3834	07313814
3835	00157957
3836	14403107
3837	02145543
3838	00150202
3839	07364700
3840	01048912
3841	02364448
3842	13470491
3843	02427103
3844	06609503
3845	09755241
3846	00673766
3847	00502415
3848	05432948
3849	05591256
3850	09184834
3851	00407633
3852	01101913
3853	00591519
3854	00692329
3855	07324673
3856	01218327
3857	02115430
3858	10105085
3859	09851876
3860	00779360
3861	11447851
3862	01063350
3863	02453889
3864	01970826
3865	10067968
3866	00084562
3867	02742842
3868	01741446
3869	06428216
3870	02585050
3871	05309050
3872	07566340
3873	06731378
3874	00697062
3875	00277376
3876	02913152
3877	00598215
3878	00205046
3879	00949288
3880	01019372
3881	01302019
3882	11498040
3883	01296462
3884	05774129
3885	08381436
3886	01290422
3887	02928413
3888	00884011
3889	10510339
3890	05803379
3891	03084420
3892	01171183
3893	00817680
3894	10491309
3895	01131473
3896	00426581
3897	08509442
3898	02510337
3899	01412346
3900	14413644
3901	13331198
3902	00122954
3903	00829378
3904	09964411
3905	05447599
3906	00794367
3907	06013741
3908	00612114
3909	00786816
3910	01072949
3911	00971999
3912	00275607
3913	00590924
3914	07410021
3915	05138208
3916	03163798
3917	01384164
3918	01557614
3919	13561719
3920	00040325
3921	05339357
3922	03503997
3923	10789963
3924	13512238
3925	01808769
3926	00862683
3927	06751974
3928	02032634
3929	04275661
3930	09780828
3931	01899891
3932	02290461
3933	00272391
3934	00716531
3935	05650329
3936	04669247
3937	01173038
3938	09984659
3939	03722007
3940	01759182
3941	00833702
3942	00770437
3943	07006951
3944	10646942
3945	06404582
3946	00612160
3947	00900726
3948	06507041
3949	02235842
3950	01230965
3951	06757891
3952	00365709
3953	01460421
3954	05822746
3955	05058580
3956	08419562
3957	01376082
3958	13947415
3959	05638987
3960	06787150
3961	03100897
3962	01928608
3963	00107943
3964	03738241
3965	01458664
3966	08592656
3967	03857828
3968	01857392
3969	02469914
3970	05497363
3971	14001348
3972	07231294
3973	04133211
3974	00471613
3975	07988857
3976	01468327
3977	02706691
3978	01229071
3979	01987938
3980	10286539
3981	00572489
3982	01023820
3983	11444117
3984	04837232
3985	00555138
3986	14535643
3987	00048633
3988	05824739
3989	02003725
3990	00752764
3991	02487573
3992	10165448
3993	05753564
3994	07313636
3995	14578471
3996	00621627
3997	08497294
3998	01844048
3999	06742772
4000	01532589
4001	02376429
4002	13777344
4003	00977336
4004	01323449
4005	10383237
4006	00953559
4007	07882497
4008	00785690
4009	01693727
4010	01136519
4011	14213328
4012	02119874
4013	00294245
4014	01026095
4015	02985137
4016	00798539
4017	05379734
4018	02581900
4019	14000403
4020	10284064
4021	00694990
4022	05891783
4023	01296474
4024	00386915
4025	00882802
4026	06313651
4027	02607455
4028	04198797
4029	07197021
4030	05018934
4031	00249501
4032	04849241
4033	01484982
4034	03093792
4035	02634265
4036	05254795
4037	01022064
4038	00068333
4039	05225090
4040	03285912
4041	00356621
4042	09615807
4043	03921209
4044	04916342
4045	04631067
4046	00622068
4047	01156115
4048	10338707
4049	00368592
4050	06608143
4051	00367768
4052	05176188
4053	10080869
4054	13863771
4055	01086081
4056	05654362
4057	02038791
4058	09429387
4059	05150129
4060	01323958
4061	06394865
4062	10045713
4063	04074482
4064	10431625
4065	02140033
4066	01313411
4067	06797671
4068	05594367
4069	06890846
4070	05279688
4071	00764222
4072	02153387
4073	07370410
4074	01259005
4075	11414411
4076	07099271
4077	05367341
4078	01380122
4079	05816287
4080	00621058
4081	06598445
4082	01627965
4083	08199025
4084	01986869
4085	02646931
4086	00290302
4087	02388950
4088	04076846
4089	05802912
4090	10611613
4091	02394662
4092	00509607
4093	01149480
4094	02471762
4095	04761212
4096	02495038
4097	10463714
4098	02528380
4099	02595662
4100	07272545
4101	00885217
4102	05609884
4103	00575720
4104	02170427
4105	02710402
4106	10596689
4107	00654625
4108	00842692
4109	05768415
4110	00048129
4111	01097960
4112	00082241
4113	02428924
4114	13954818
4115	00566298
4116	02028994
4117	15295416
4118	00486018
4119	08621598
4120	00332835
4121	01197258
4122	00403466
4123	00971650
4124	06605396
4125	01803380
4126	06158346
4127	00783523
4128	09976429
4129	01631534
4130	10206173
4131	10533983
4132	09612848
4133	03424630
4134	00620752
4135	10169937
4136	08406486
4137	08310389
4138	01236795
4139	02404224
4140	01038666
4141	05979454
4142	06364149
4143	06152821
4144	00277659
4145	01538310
4146	00314782
4147	05736149
4148	10526927
4149	05728678
4150	07344528
4151	09949946
4152	02241107
4153	00054628
4154	06591442
4155	03903424
4156	00896497
4157	10176679
4158	00264366
4159	00351963
4160	00262249
4161	04865502
4162	00932624
4163	00715674
4164	10773040
4165	07248801
4166	02685951
4167	00521562
4168	10720453
4169	06876309
4170	02659763
4171	01904930
4172	06000400
4173	00276068
4174	01194331
4175	07747455
4176	06694540
4177	00204439
4178	06532330
4179	00198631
4180	10516692
4181	06807198
4182	00081572
4183	05547508
4184	00552097
4185	05054863
4186	13961642
4187	05112609
4188	00013328
4189	00908909
4190	09627906
4191	07348399
4192	01719302
4193	06763273
4194	05993844
4195	05625465
4196	07513508
4197	02522319
4198	01056411
4199	07187773
4200	05854150
4201	00444519
4202	00373130
4203	07142365
4204	01688771
4205	07014752
4206	05762998
4207	00348312
4208	02581073
4209	00147595
4210	05532225
4211	01162754
4212	01591621
4213	02671062
4214	00751529
4215	07333649
4216	10703905
4217	01778017
4218	07421316
4219	00297507
4220	07066659
4221	02875013
4222	00730301
4223	00236289
4224	02337066
4225	07491038
4226	01369346
4227	02955247
4228	01256743
4229	07151892
4230	14574846
4231	02518161
4232	01760944
4233	10005280
4234	02034300
4235	00249313
4236	01929254
4237	10191613
4238	00684838
4239	01333301
4240	10523519
4241	02102484
4242	03210940
4243	02558172
4244	01122149
4245	07212190
4246	00897746
4247	00824292
4248	05462674
4249	03537412
4250	13427078
4251	06371413
4252	07546465
4253	05623628
4254	01688256
4255	00826509
4256	00720063
4257	02228698
4258	00961329
4259	00007347
4260	00893167
4261	02237338
4262	08062623
4263	00878636
4264	03274796
4265	10635275
4266	02357072
4267	02037989
4268	00677544
4269	08053576
4270	10523076
4271	07447261
4272	01628449
4273	13095685
4274	01538928
4275	01902783
4276	00904046
4277	06090869
4278	02439732
4279	00376994
4280	10637635
4281	00677021
4282	03599351
4283	00073584
4284	01732921
4285	00442267
4286	00396703
4287	00905852
4288	01335804
4289	09614315
4290	13343526
4291	03224032
4292	09800964
4293	02684924
4294	02665803
4295	10341955
4296	01175224
4297	03541091
4298	00932088
4299	10389398
4300	05682570
4301	02030424
4302	02642634
4303	00952182
4304	06536389
4305	07296428
4306	04956594
4307	06253371
4308	02412939
4309	00708376
4310	00623151
4311	02513460
4312	01105259
4313	01082454
4314	05853449
4315	05822612
4316	05864177
4317	08402442
4318	00921014
4319	00791134
4320	09622745
4321	09968845
4322	04447861
4323	09939313
4324	08146782
4325	00990812
4326	05088324
4327	03686658
4328	00760956
4329	11665372
4330	07296190
4331	00652466
4332	01123887
4333	01415807
4334	01385458
4335	04515129
4336	03614007
4337	03952277
4338	03233905
4339	00815320
4340	05275651
4341	03322099
4342	13948026
4343	00309582
4344	10648237
4345	01346978
4346	02616713
4347	07522128
4348	14379501
4349	03247620
4350	14004317
4351	02225492
4352	00240293
4353	02613275
4354	00352826
4355	14420954
4356	01227675
4357	07959016
4358	00813044
4359	01021420
4360	00213186
4361	00363493
4362	05305136
4363	02676789
4364	05111835
4365	01974062
4366	01078783
4367	02431320
4368	10481268
4369	00375071
4370	00043195
4371	01186810
4372	01432517
4373	01531375
4374	10720964
4375	03579982
4376	10160012
4377	02140781
4378	10786270
4379	14061462
4380	05689801
4381	00397576
4382	00324384
4383	01588493
4384	10252075
4385	06709533
4386	01264283
4387	02942769
4388	01588858
4389	02500902
4390	07272172
4391	13794034
4392	10544748
4393	10507230
4394	01835276
4395	00876874
4396	04328946
4397	02877704
4398	01380638
4399	03471030
4400	07199565
4401	00868910
4402	05335310
4403	09624980
4404	00181476
4405	14379829
4406	07120524
4407	02475261
4408	06253690
4409	00818466
4410	00623370
4411	10383505
4412	00752431
4413	02014165
4414	13496517
4415	03197446
4416	00354634
4417	06254007
4418	00940384
4419	05328867
4420	00781000
4421	00859001
4422	06811625
4423	03181293
4424	04250026
4425	00203342
4426	09614047
4427	05616246
4428	01293389
4429	01065630
4430	06389230
4431	02700455
4432	01163847
4433	08463817
4434	01178565
4435	00373278
4436	02176268
4437	14997888
4438	06427831
4439	00871942
4440	00707956
4441	01253808
4442	00398704
4443	08101410
4444	01182709
4445	15283097
4446	00112997
4447	00932798
4448	06078327
4449	00959376
4450	07208338
4451	00293141
4452	10402824
4453	05910453
4454	01860795
4455	09616922
4456	02687172
4457	06748969
4458	01771535
4459	04728068
4460	00289175
4461	10178216
4462	07358060
4463	06760722
4464	07373277
4465	10457444
4466	00702601
4467	01825671
4468	05256085
4469	00744443
4470	03501614
4471	10677713
4472	01280014
4473	06199702
4474	02156532
4475	00242808
4476	00306723
4477	00382109
4478	01508368
4479	01636008
4480	03925226
4481	03269401
4482	01511706
4483	09822955
4484	03049457
4485	00077419
4486	05539138
4487	06714288
4488	02339413
4489	05211044
4490	04819026
4491	09969491
4492	05267548
4493	00381680
4494	01999798
4495	06806469
4496	02706046
4497	08376051
4498	10684630
4499	00171590
4500	15224486
4501	05660268
4502	02531199
4503	01322509
4504	00713167
4505	04019696
4506	04702688
4507	05107765
4508	00736216
4509	08549070
4510	07160116
4511	00414179
4512	01623967
4513	07528212
4514	05651399
4515	02056971
4516	11669335
4517	03840327
4518	04016240
4519	00238527
4520	02644050
4521	04162998
4522	00164579
4523	00350380
4524	10100761
4525	08233056
4526	02213074
4527	08109624
4528	00248026
4529	00884778
4530	05299178
4531	01731031
4532	04546855
4533	00582868
4534	06566077
4535	08106934
4536	01490336
4537	05574151
4538	02752931
4539	07139700
4540	01593254
4541	01060234
4542	05661996
4543	09875786
4544	04800359
4545	05329735
4546	07039478
4547	03104594
4548	06468123
4549	03365592
4550	02679415
4551	05237227
4552	01013040
4553	01124794
4554	04161358
4555	13971065
4556	10498551
4557	02373015
4558	00806902
4559	00972621
4560	04526964
4561	01187810
4562	00351638
4563	10102800
4564	14406573
4565	05280831
4566	01447632
4567	00243918
4568	00060201
4569	01013434
4570	08186047
4571	01374020
4572	06892016
4573	09952539
4574	05789432
4575	01716882
4576	02376089
4577	01092366
4578	00281101
4579	02796623
4580	05462315
4581	07371293
4582	05549061
4583	01686956
4584	00168658
4585	10150794
4586	09902954
4587	00213052
4588	01202184
4589	02238085
4590	04384593
4591	04700642
4592	02687916
4593	03278248
4594	00643473
4595	02043665
4596	07644382
4597	03412220
4598	05770664
4599	01658188
4600	05068080
4601	06022291
4602	02467662
4603	00239230
4604	00908351
4605	00166355
4606	02444159
4607	07524242
4608	01640550
4609	13152742
4610	00695226
4611	06374587
4612	02627555
4613	11473138
4614	01650425
4615	10381214
4616	01548290
4617	00006484
4618	01570403
4619	05691376
4620	00474017
4621	02612762
4622	15291498
4623	00348571
4624	01146039
4625	00924612
4626	02148788
4627	02171039
4628	00066901
4629	03691128
4630	01201021
4631	07355491
4632	01144133
4633	15226732
4634	04821802
4635	00028362
4636	02471690
4637	03055809
4638	01414088
4639	07254057
4640	05702726
4641	00319176
4642	06149484
4643	07331400
4644	00730052
4645	10166762
4646	01986806
4647	01275562
4648	04939324
4649	05820620
4650	05445668
4651	09243769
4652	00969873
4653	05772356
4654	02903204
4655	00752954
4656	01557774
4657	05084201
4658	13458268
4659	09443136
4660	00978549
4661	04723816
4662	01020005
4663	06182144
4664	09469285
4665	02809692
4666	00784533
4667	00413239
4668	00952841
4669	02278939
4670	06398401
4671	00691516
4672	13576355
4673	05341920
4674	00896555
4675	01405044
4676	01640855
4677	08132637
4678	00403783
4679	01742726
4680	00198451
4681	04231693
4682	03120029
4683	00779601
4684	01023259
4685	04208210
4686	00352558
4687	00715239
4688	00467451
4689	09900981
4690	00396642
4691	01744611
4692	05217168
4693	01567133
4694	13403643
4695	03650173
4696	02228031
4697	00945205
4698	03126385
4699	03129123
4700	01040646
4701	00965871
4702	06733227
4703	08103777
4704	00588998
4705	00081725
4706	09962966
4707	02144835
4708	09779790
4709	10517826
4710	07007945
4711	05944958
4712	14010636
4713	00960851
4714	00730538
4715	10490699
4716	03416329
4717	00430140
4718	11415084
4719	00726300
4720	05978159
4721	04170037
4722	06193203
4723	04864200
4724	01129532
4725	01123148
4726	01884974
4727	01029852
4728	10308732
4729	13329641
4730	01790020
4731	01068380
4732	09465459
4733	01461328
4734	02613487
4735	06482401
4736	01498769
4737	02131072
4738	01023636
4739	04847991
4740	01201856
4741	02502916
4742	03173524
4743	00873682
4744	04840981
4745	00463543
4746	01859221
4747	10652954
4748	08208560
4749	01478002
4750	07445896
4751	03018498
4752	10335931
4753	07999699
4754	01014990
4755	00825648
4756	06373747
4757	10118844
4758	04485226
4759	05820170
4760	00900070
4761	00874806
4762	09631129
4763	00100543
4764	13968547
4765	00204943
4766	02760855
4767	01101391
4768	00383275
4769	02072849
4770	01139865
4771	06756407
4772	01986185
4773	00548326
4774	00038750
4775	05600637
4776	04435870
4777	01039330
4778	06255354
4779	03768346
4780	05850624
4781	00294522
4782	08160276
4783	05294819
4784	00923307
4785	00056930
4786	08482271
4787	04770211
4788	02629793
4789	01240308
4790	05803212
4791	00680841
4792	00154778
4793	06504462
4794	09190918
4795	05718254
4796	01345109
4797	01160729
4798	06290637
4799	05704266
4800	04802776
4801	05674584
4802	06365467
4803	00066191
4804	05472032
4805	09178821
4806	08620061
4807	02524171
4808	05804793
4809	14422179
4810	01165043
4811	02431971
4812	07222823
4813	13423922
4814	02567147
4815	04261116
4816	05565696
4817	09868270
4818	07221094
4819	04748836
4820	00583990
4821	02282506
4822	03320046
4823	07220773
4824	04149208
4825	01575675
4826	02210855
4827	04616059
4828	00385791
4829	07250339
4830	07505047
4831	04105893
4832	03875218
4833	01238424
4834	07307754
4835	02348927
4836	03018802
4837	00669970
4838	01606574
4839	04694441
4840	01285440
4841	02037090
4842	06312966
4843	07340249
4844	02732798
4845	06732350
4846	02702674
4847	00300537
4848	00296946
4849	03525074
4850	02766328
4851	02084252
4852	06099269
4853	05703429
4854	04701460
4855	00995838
4856	04750764
4857	07240549
4858	00142191
4859	00562398
4860	00250259
4861	00327824
4862	14010148
4863	00926472
4864	10773126
4865	06210363
4866	01021629
4867	10785085
4868	14920388
4869	00282485
4870	14463826
4871	00114837
4872	00244625
4873	00044149
4874	02073714
4875	02991302
4876	07185076
4877	00597265
4878	14686913
4879	11419404
4880	01651293
4881	00922327
4882	00402535
4883	15286249
4884	01016778
4885	02451912
4886	13484303
4887	01250335
4888	01176897
4889	01878719
4890	07361416
4891	13273550
4892	02458103
4893	10692482
4894	07291794
4895	02685365
4896	01612053
4897	05108947
4898	09761403
4899	13102409
4900	01930874
4901	00525446
4902	14699752
4903	00908492
4904	01216191
4905	08198137
4906	02397637
4907	05595531
4908	00835903
4909	00754956
4910	01438304
4911	01181902
4912	09943541
4913	06428646
4914	04184095
4915	10442232
4916	05543177
4917	00471437
4918	01279305
4919	04596630
4920	10349243
4921	05142180
4922	00729108
4923	02399331
4924	10522759
4925	00052672
4926	00312553
4927	05010062
4928	05510702
4929	00182406
4930	00599992
4931	02297142
4932	00709379
4933	07445265
4934	01261490
4935	03706653
4936	07131854
4937	14890659
4938	00995119
4939	00829107
4940	07938773
4941	02620587
4942	03327234
4943	10483530
4944	10089615
4945	01930117
4946	14586258
4947	06377133
4948	10204921
4949	07002992
4950	06780678
4951	00082563
4952	01068134
4953	01913237
4954	00159177
4955	11512818
4956	01872645
4957	05093890
4958	02730265
4959	09928451
4960	02169702
4961	05888929
4962	00706243
4963	05563770
4964	10773394
4965	02247977
4966	00201722
4967	01428381
4968	05734018
4969	02509287
4970	07490713
4971	00488770
4972	00374063
4973	07252764
4974	02574516
4975	09633969
4976	02148369
4977	02653706
4978	03671473
4979	02776205
4980	01414288
4981	03103128
4982	10279018
4983	02186868
4984	05765415
4985	02979722
4986	02438535
4987	06286395
4988	07467846
4989	02065085
4990	05695232
4991	00296178
4992	01264050
4993	02402825
4994	06650701
4995	03109693
4996	05849284
4997	00728975
4998	04073208
4999	10042690
5000	00638585
5001	02130160
5002	03225238
5003	06115701
5004	07386370
5005	01322675
5006	00773432
5007	00925873
5008	02413140
5009	06291318
5010	00262596
5011	08558963
5012	01140471
5013	05946687
5014	02137132
5015	01061481
5016	01580050
5017	02321757
5018	05593476
5019	06634376
5020	02220461
5021	07128692
5022	07298982
5023	05504107
5024	09898346
5025	01160031
5026	13760316
5027	00006336
5028	00722675
5029	02747709
5030	01817500
5031	00872541
5032	01123598
5033	07969695
5034	01028655
5035	00050652
5036	02525447
5037	13999663
5038	10507070
5039	00205885
5040	00717045
5041	06399995
5042	02970685
5043	05263850
5044	10439851
5045	00989201
5046	00506672
5047	03125057
5048	01214171
5049	00263813
5050	03385557
5051	10340312
5052	01767661
5053	01308160
5054	02748927
5055	10334957
5056	04835724
5057	08008017
5058	04353803
5059	02760658
5060	09621545
5061	02242464
5062	09614684
5063	06349220
5064	03574816
5065	06744000
5066	01062817
5067	07970406
5068	02407338
5069	01089878
5070	07510495
5071	00746479
5072	10308275
5073	10001058
5074	10770059
5075	00410247
5076	00264386
5077	09798534
5078	03209910
5079	01115916
5080	02221959
5081	06397307
5082	05652396
5083	01110274
5084	00770270
5085	06694796
5086	02075049
5087	05491612
5088	02118933
5089	09909060
5090	03011521
5091	14562960
5092	05051249
5093	10161178
5094	13412321
5095	01088923
5096	01734502
5097	01658762
5098	01249060
5099	01018630
5100	02410393
5101	00084230
5102	01989053
5103	02559180
5104	00928630
5105	02251743
5106	00897564
5107	01016316
5108	08110373
5109	00941974
5110	00278403
5111	09943811
5112	07975026
5113	07173959
5114	08081403
5115	02129289
5116	01762839
5117	05192451
5118	07262704
5119	05190804
5120	02755352
5121	09962789
5122	05952490
5123	02635659
5124	02415831
5125	06712325
5126	06582403
5127	01198750
5128	04152387
5129	02914991
5130	01169704
5131	01195299
5132	10351874
5133	05370918
5134	00306017
5135	00206998
5136	01459422
5137	06796506
5138	07328942
5139	10271216
5140	10599354
5141	14514039
5142	00923444
5143	06532095
5144	00633443
5145	00640828
5146	01600191
5147	02245993
5148	00146572
5149	00485609
5150	02449847
5151	04623113
5152	02117649
5153	04295081
5154	05905802
5155	02585489
5156	00733632
5157	01091905
5158	05282746
5159	05981768
5160	02648253
5161	01690294
5162	06767035
5163	05551318
5164	09847727
5165	02528163
5166	05580416
5167	13955461
5168	06394701
5169	07205573
5170	07247071
5171	09963914
5172	00067990
5173	00364064
5174	01624169
5175	01686132
5176	02030158
5177	13792579
5178	00926668
5179	05383467
5180	01104624
5181	10592397
5182	15109745
5183	07794159
5184	05143690
5185	00932636
5186	02618149
5187	00104868
5188	02663643
5189	05677340
5190	00208836
5191	00880662
5192	07252206
5193	06771653
5194	06742426
5195	06320801
5196	00415044
5197	00043902
5198	01875295
5199	01070777
5200	01778990
5201	02201644
5202	01229938
5203	13455487
5204	06489659
5205	00465762
5206	10068234
5207	00220023
5208	10482054
5209	07177924
5210	01967792
5211	11418750
5212	02033295
5213	00841901
5214	00101779
5215	05261404
5216	00509958
5217	10165109
5218	05930736
5219	10076957
5220	10450303
5221	00935987
5222	02071142
5223	00232542
5224	10794014
5225	02403920
5226	04162706
5227	05892096
5228	00013160
5229	00295701
5230	00723056
5231	01346804
5232	05280365
5233	01094086
5234	05891572
5235	00638837
5236	05784242
5237	00067274
5238	10336234
5239	00258665
5240	00949619
5241	07009946
5242	10004804
5243	00854420
5244	00608896
5245	00967455
5246	14984973
5247	09910374
5248	03033986
5249	13366912
5250	05217688
5251	13860548
5252	03659292
5253	01319874
5254	00967625
5255	01827858
5256	01705257
5257	10150071
5258	07203696
5259	01633825
5260	04768657
5261	03405725
5262	00771961
5263	01120069
5264	02713218
5265	00355955
5266	02378623
5267	01637166
5268	00230746
5269	00630380
5270	00315986
5271	00426928
5272	00347420
5273	06818121
5274	01083504
5275	10173895
5276	05752544
5277	06798750
5278	04456276
5279	10514784
5280	07548366
5281	00648977
5282	15144371
5283	05138488
5284	15153472
5285	05826291
5286	02348568
5287	01628302
5288	07974025
5289	00388635
5290	01127215
5291	02388143
5292	10086074
5293	00799383
5294	09820263
5295	00610373
5296	05556325
5297	07073208
5298	00591236
5299	03116767
5300	01233993
5301	00428404
5302	10525134
5303	14037011
5304	01807882
5305	03736970
5306	05421414
5307	00948206
5308	06258031
5309	10553627
5310	15277730
5311	13910384
5312	09608709
5313	10203949
5314	05141222
5315	05765159
5316	05793000
5317	02578510
5318	07514345
5319	01952898
5320	04633197
5321	05786184
5322	00575970
5323	15145171
5324	02851001
5325	07369604
5326	07560652
5327	01306654
5328	05638063
5329	07120364
5330	00430370
5331	05763412
5332	02407987
5333	14481929
5334	01035530
5335	11410625
5336	07298154
5337	01333082
5338	00846462
5339	00338559
5340	00042311
5341	04863969
5342	00632438
5343	08058098
5344	09862345
5345	07199922
5346	00666886
5347	02733524
5348	05556204
5349	05309725
5350	13368052
5351	02636516
5352	01458464
5353	15224293
5354	04754237
5355	00429048
5356	01781478
5357	00539546
5358	00065184
5359	06709692
5360	03363216
5361	07997703
5362	00698855
5363	00146138
5364	00717748
5365	06037666
5366	10706812
5367	11531090
5368	00727791
5369	01563724
5370	10266848
5371	00590047
5372	07128946
5373	03297735
5374	01640207
5375	07959269
5376	02789271
5377	10045454
5378	01727490
5379	03496892
5380	04599396
5381	08513163
5382	04004475
5383	15272029
5384	04773596
5385	01309143
5386	00630223
5387	00065575
5388	03899328
5389	07020895
5390	07286799
5391	02806261
5392	01116585
5393	01996377
5394	00075515
5395	00637259
5396	04618781
5397	10524973
5398	13365698
5399	00255710
5400	00966718
5401	02679899
5402	07227772
5403	00631391
5404	05471629
5405	00991900
5406	05313535
5407	00104539
5408	05692910
5409	00712708
5410	13285176
5411	02701962
5412	04143365
5413	00121366
5414	01376245
5415	00839619
5416	05656537
5417	02005948
5418	00280586
5419	01011031
5420	00804002
5421	01312371
5422	03211117
5423	04729328
5424	06885083
5425	05775081
5426	00290276
5427	10461424
5428	00050037
5429	09938672
5430	00220276
5431	02577755
5432	00601378
5433	00794079
5434	00955060
5435	00383606
5436	07951464
5437	00081072
5438	00035603
5439	07003119
5440	00427397
5441	00422551
5442	01678685
5443	07578879
5444	10468559
5445	00066636
5446	01774136
5447	01171644
5448	02301502
5449	09607280
5450	01462005
5451	00240184
5452	02465414
5453	02934888
5454	00593613
5455	00329031
5456	03242713
5457	01548576
5458	00948071
5459	00079018
5460	01637982
5461	06392935
5462	02690093
5463	03040587
5464	07290278
5465	07207273
5466	03004358
5467	00903385
5468	00991151
5469	01018366
5470	05564590
5471	05199869
5472	04650527
5473	02153709
5474	13892897
5475	04285146
5476	01807770
5477	00421437
5478	10212501
5479	01202904
5480	07110615
5481	13307784
5482	04628192
5483	10113997
5484	06253140
5485	06264176
5486	02062212
5487	00900616
5488	01233027
5489	01332730
5490	01002956
5491	02205272
5492	01660994
5493	04933544
5494	00720565
5495	06817782
5496	04946553
5497	08078020
5498	02730471
5499	00617748
5500	01626420
5501	10722385
5502	02356420
5503	00107739
5504	13480848
5505	13903387
5506	00646271
5507	00095747
5508	05087297
5509	07098193
5510	09843602
5511	01951480
5512	01782432
5513	00153263
5514	02533313
5515	05697135
5516	02911485
5517	01017987
5518	01433294
5519	10395605
5520	02919275
5521	02456031
5522	00147454
5523	00784388
5524	01001689
5525	13367070
5526	07433662
5527	04935239
5528	13508651
5529	01884577
5530	11412727
5531	02749247
5532	03841143
5533	00851239
5534	02742638
5535	14424780
5536	10066732
5537	06516955
5538	01041111
5539	02715513
5540	05289057
5541	00358431
5542	00661824
5543	02702508
5544	01778568
5545	02743547
5546	01332205
5547	06782680
5548	02604760
5549	02389592
5550	04687333
5551	14494716
5552	01309701
5553	00740053
5554	09960688
5555	01032040
5556	00618878
5557	01439190
5558	07312221
5559	07193596
5560	00043411
5561	05559908
5562	01139104
5563	00849982
5564	01133281
5565	02304982
5566	00830761
5567	06148148
5568	10484526
5569	00278555
5570	00512186
5571	05952979
5572	10597505
5573	10151570
5574	01933900
5575	00809654
5576	13989627
5577	02158896
5578	02796412
5579	01642924
5580	03213014
5581	05461816
5582	05473928
5583	00956687
5584	01079480
5585	02152812
5586	02607909
5587	05710210
5588	02685299
5589	01556178
5590	10538272
5591	00503237
5592	05812038
5593	02116118
5594	02283716
5595	05596004
5596	13860793
5597	00841580
5598	01134861
5599	00103696
5600	00929362
5601	01206218
5602	01467370
5603	02270342
5604	00567291
5605	02230056
5606	13792692
5607	06746580
5608	00030358
5609	13480667
5610	05395098
5611	08056231
5612	00748515
5613	01083077
5614	00895304
5615	02343595
5616	05689249
5617	13354420
5618	01129876
5619	02707429
5620	02347637
5621	06711855
5622	01251928
5623	04766852
5624	10154601
5625	03327841
5626	03183080
5627	04783247
5628	07497473
5629	01276970
5630	01237415
5631	01340439
5632	09774266
5633	01155687
5634	01724459
5635	02735688
5636	02464693
5637	00253761
5638	00356367
5639	09953178
5640	06891493
5641	01629000
5642	01552219
5643	09606009
5644	03782190
5645	13600822
5646	02675701
5647	02478936
5648	07355887
5649	05980875
5650	00968211
5651	02697950
5652	00162632
5653	03318438
5654	13905792
5655	01769902
5656	00002573
5657	02314658
5658	00739662
5659	14842091
5660	05305806
5661	00169806
5662	00431826
5663	07151380
5664	07365849
5665	09946957
5666	05664069
5667	00900957
5668	07320302
5669	11675842
5670	01214786
5671	09816771
5672	00974367
5673	00673983
5674	11499817
5675	03793186
5676	01913532
5677	05176607
5678	08163273
5679	08441203
5680	00236592
5681	02611630
5682	06523132
5683	01788733
5684	02632940
5685	01698271
5686	06163751
5687	00803815
5688	03728811
5689	14877585
5690	07434102
5691	13554343
5692	01549187
5693	00751887
5694	00657260
5695	00213343
5696	00546389
5697	08000304
5698	10670310
5699	00266806
5700	01350994
5701	07242912
5702	05348884
5703	13822995
5704	00924825
5705	00798245
5706	04530566
5707	01312810
5708	06153846
5709	01501347
5710	00639975
5711	01019524
5712	09811712
5713	02727039
5714	10391653
5715	01260291
5716	02125223
5717	02919414
5718	10665698
5719	03238131
5720	00466651
5721	02853016
5722	10467179
5723	04216634
5724	01539063
5725	08191701
5726	05271814
5727	02406916
5728	15152062
5729	03265874
5730	02286204
5731	01067816
5732	01226941
5733	00614224
5734	00445802
5735	00091013
5736	09802050
5737	02321009
5738	06755568
5739	02626604
5740	13547199
5741	01745722
5742	00364479
5743	10426749
5744	04782878
5745	00468480
5746	03377582
5747	02567519
5748	01579153
5749	02035919
5750	03961939
5751	07132415
5752	10502046
5753	07976936
5754	02513269
5755	10383816
5756	02578235
5757	09773245
5758	00151087
5759	07300960
5760	06410391
5761	08566028
5762	14415518
5763	00780575
5764	01747945
5765	00803617
5766	01653013
5767	04802629
5768	01534147
5769	09269972
5770	02419073
5771	13365286
5772	01854132
5773	09815790
5774	07194499
5775	00993892
5776	10741821
5777	05823932
5778	00958896
5779	00334996
5780	07498854
5781	00796976
5782	00024814
5783	00776846
5784	10617193
5785	05418717
5786	00781685
5787	02432530
5788	08435388
5789	02589576
5790	00292672
5791	15267536
5792	00455348
5793	10107303
5794	00900375
5795	01070102
5796	06095022
5797	00964694
5798	06252954
5799	00392093
5800	13874384
5801	01887474
5802	02303331
5803	02972533
5804	02460199
5805	00402130
5806	02589013
5807	01102997
5808	00754767
5809	10625860
5810	02342132
5811	01888295
5812	10292316
5813	00835294
5814	00356199
5815	09213828
5816	02395395
5817	02681518
5818	00445467
5819	01466543
5820	02336483
5821	01666717
5822	00933420
5823	01588172
5824	00095502
5825	02453692
5826	00557813
5827	01830946
5828	03150795
5829	04767347
5830	05557839
5831	05532944
5832	00361192
5833	07406765
5834	01350283
5835	00031264
5836	00775831
5837	00317888
5838	09974648
5839	01995211
5840	00954608
5841	05788149
5842	03682487
5843	02464132
5844	04711435
5845	02701210
5846	01876907
5847	05598147
5848	09889691
5849	13411157
5850	01732172
5851	00636921
5852	06873252
5853	01426153
5854	10529231
5855	01468058
5856	00394813
5857	01147060
5858	00931040
5859	00310666
5860	05262185
5861	04171831
5862	02245765
5863	01063697
5864	08436759
5865	07452348
5866	05272110
5867	14853947
5868	01032368
5869	08399586
5870	02663340
5871	01384439
5872	02459173
5873	00377364
5874	13928388
5875	05229622
5876	07965085
5877	01417451
5878	00635012
5879	05585205
5880	00404642
5881	10752093
5882	01903756
5883	00794981
5884	01620854
5885	02704349
5886	04248607
5887	00958334
5888	02760116
5889	00474308
5890	09923673
5891	02409412
5892	01628197
5893	07317764
5894	01789514
5895	02678438
5896	02310007
5897	00290740
5898	05640433
5899	00270005
5900	08566554
5901	02891188
5902	09941964
5903	13526110
5904	02740204
5905	00731000
5906	02476219
5907	01014821
5908	05943066
5909	00894221
5910	04014297
5911	09887034
5912	00936620
5913	04422875
5914	13306870
5915	07013736
5916	02514187
5917	00062806
5918	01792567
5919	13354985
5920	01509584
5921	13440063
5922	04027023
5923	02234781
5924	00243124
5925	00927049
5926	00205079
5927	00156601
5928	01981699
5929	13960117
5930	01363482
5931	00846515
5932	01622795
5933	00703875
5934	05682950
5935	01859586
5936	01126856
5937	10468962
5938	02480923
5939	00737973
5940	01210152
5941	00796588
5942	01138670
5943	10679998
5944	10418841
5945	13986372
5946	01993549
5947	01258617
5948	02202928
5949	09608002
5950	01425892
5951	00690614
5952	00059376
5953	05984287
5954	02202384
5955	04453910
5956	10516874
5957	08550076
5958	00717358
5959	00877127
5960	14007546
5961	02466670
5962	01740608
5963	02424254
5964	00969370
5965	00760402
5966	00923793
5967	02677097
5968	00989084
5969	06157326
5970	10035809
5971	00916123
5972	01207609
5973	00406243
5974	01226240
5975	05529286
5976	00601043
5977	00632236
5978	01883716
5979	01643464
5980	06686736
5981	10534389
5982	14412725
5983	10746346
5984	02648639
5985	03282060
5986	00584367
5987	00119524
5988	02629390
5989	09979321
5990	01912159
5991	00632627
5992	02469835
5993	04820258
5994	03206718
5995	04768483
5996	00056688
5997	02541251
5998	05195362
5999	14873641
6000	00324834
6001	06730563
6002	01326291
6003	00053609
6004	01834918
6005	14055408
6006	02590340
6007	07170753
6008	13769317
6009	01372049
6010	14548343
6011	05831939
6012	00780889
6013	01101753
6014	00917211
6015	00161739
6016	09961999
6017	01783158
6018	01921964
6019	07045353
6020	01012360
6021	01009637
6022	09470550
6023	05417975
6024	00931847
6025	00779061
6026	00336718
6027	00912960
6028	13359572
6029	14477667
6030	10524413
6031	00899292
6032	04981139
6033	10052843
6034	09632518
6035	00374224
6036	00877327
6037	00979988
6038	02289295
6039	00991838
6040	13732078
6041	02396716
6042	00205649
6043	01474209
6044	00372448
6045	00980453
6046	00068617
6047	00960961
6048	05558717
6049	02526085
6050	05755156
6051	00044797
6052	02907473
6053	02501278
6054	03138344
6055	09613191
6056	02801349
6057	00250710
6058	00150287
6059	02559752
6060	00428000
6061	02308741
6062	01283746
6063	05821775
6064	02286027
6065	05367912
6066	06607339
6067	07885937
6068	00715868
6069	05794403
6070	02067689
6071	00093483
6072	00944924
6073	01009190
6074	03753077
6075	13928668
6076	03122748
6077	02128873
6078	03848729
6079	02261386
6080	00278221
6081	10603528
6082	06467007
6083	00532607
6084	09225146
6085	07200527
6086	01686439
6087	13446390
6088	06593099
6089	05145891
6090	01217043
6091	10522035
6092	05867413
6093	09941383
6094	00815379
6095	01755627
6096	02646072
6097	00360757
6098	05767733
6099	01109863
6100	10633450
6101	02008396
6102	02392600
6103	05765901
6104	02200686
6105	10069296
6106	01705494
6107	00152018
6108	02482425
6109	10195593
6110	00927261
6111	07926127
6112	10381369
6113	00996485
6114	00868591
6115	06000644
6116	04877421
6117	01716619
6118	00419644
6119	02383440
6120	00879540
6121	13286640
6122	01207951
6123	10161363
6124	00806502
6125	00140967
6126	02164402
6127	10559288
6128	07186828
6129	00834198
6130	02179279
6131	01177505
6132	04735233
6133	10212780
6134	00672433
6135	00707624
6136	07202579
6137	02219940
6138	01871979
6139	03738472
6140	01815628
6141	06732710
6142	13252973
6143	01146576
6144	00371487
6145	00766418
6146	11677743
6147	09617867
6148	03243625
6149	03017922
6150	00787218
6151	00115803
6152	14403282
6153	08398773
6154	00094460
6155	01020356
6156	01096497
6157	00263947
6158	02149302
6159	02294179
6160	08499840
6161	10700201
6162	02290998
6163	05003423
6164	00714884
6165	00945401
6166	03109881
6167	06369829
6168	01435380
6169	06796642
6170	00257770
6171	00838856
6172	09773962
6173	14481080
6174	00017222
6175	15255804
6176	05845140
6177	10404998
6178	03213826
6179	06652242
6180	00754280
6181	03744840
6182	00877083
6183	09942970
6184	00535452
6185	13275288
6186	00233335
6187	13795180
6188	05343718
6189	05303402
6190	06256229
6191	08368907
6192	00590626
6193	01013770
6194	09792237
6195	10743124
6196	01645601
6197	13941125
6198	01121690
6199	00686447
6200	09754907
6201	04759849
6202	15143477
6203	10261041
6204	05701363
6205	00471196
6206	00117985
6207	01583494
6208	02938886
6209	02598211
6210	02575723
6211	10567401
6212	00483801
6213	00274941
6214	14462666
6215	00623162
6216	00336260
6217	01227190
6218	01484714
6219	01696648
6220	02545578
6221	01022178
6222	07212424
6223	01905121
6224	08591680
6225	01214265
6226	02296153
6227	02207206
6228	00228655
6229	06172789
6230	02547586
6231	02348324
6232	10576071
6233	03091374
6234	04531098
6235	02593001
6236	01276361
6237	08456993
6238	10695555
6239	00049003
6240	07160296
6241	00553823
6242	03020034
6243	01668603
6244	00903559
6245	00630026
6246	09979072
6247	06741305
6248	03081021
6249	01503404
6250	02116980
6251	00734348
6252	07090721
6253	05748285
6254	01202728
6255	03659809
6256	02227741
6257	04357121
6258	05510173
6259	00154233
6260	10256537
6261	01008378
6262	01886756
6263	00306102
6264	05686481
6265	01752167
6266	00123170
6267	02379198
6268	01316619
6269	01309478
6270	02536557
6271	00642098
6272	05869857
6273	01006675
6274	04789274
6275	07488340
6276	07326880
6277	01033527
6278	01754576
6279	01181475
6280	00845523
6281	01191975
6282	02422663
6283	05171045
6284	07180183
6285	05385534
6286	03488188
6287	04060647
6288	02460502
6289	06671637
6290	04754440
6291	00489837
6292	08473482
6293	03621049
6294	01028748
6295	10721470
6296	02719399
6297	06726158
6298	02274253
6299	09385911
6300	02715229
6301	00368847
6302	01661804
6303	01012712
6304	07346057
6305	00164152
6306	11414874
6307	04716864
6308	15274863
6309	05289861
6310	00913705
6311	14821043
6312	02425462
6313	01208291
6314	13899404
6315	07203126
6316	07171206
6317	01139623
6318	01280645
6319	01718867
6320	08679369
6321	02418872
6322	00604811
6323	02420232
6324	05128519
6325	04564698
6326	02021532
6327	02375131
6328	15255641
6329	03876519
6330	01115349
6331	11676500
6332	00116376
6333	01590171
6334	00844254
6335	01240210
6336	00928077
6337	09912995
6338	01657828
6339	00083260
6340	06893885
6341	05951323
6342	06763681
6343	01438681
6344	04897762
6345	05269901
6346	00380696
6347	07475364
6348	05157574
6349	05701944
6350	00678282
6351	04161981
6352	00634586
6353	00583239
6354	09774783
6355	05850823
6356	00125841
6357	00887463
6358	10378412
6359	05493303
6360	01487008
6361	00156812
6362	05849040
6363	03307274
6364	02303761
6365	10159714
6366	02213690
6367	01160342
6368	05839024
6369	02887741
6370	07477945
6371	00902424
6372	00729378
6373	06410776
6374	00699626
6375	11498203
6376	10345804
6377	00803325
6378	02728784
6379	00634906
6380	06355307
6381	05153520
6382	07370671
6383	01560984
6384	00958880
6385	09930257
6386	13353607
6387	01131197
6388	00426958
6389	10516294
6390	14425103
6391	10461747
6392	00163592
6393	06889330
6394	02678384
6395	07518663
6396	14704966
6397	01054335
6398	00765649
6399	00952963
6400	04412901
6401	05479314
6402	04612840
6403	00617989
6404	00961001
6405	01004062
6406	10708292
6407	05951566
6408	00624263
6409	13896369
6410	00154433
6411	01156112
6412	02600948
6413	13565379
6414	07139151
6415	00636888
6416	00741685
6417	02529772
6418	07176962
6419	01080366
6420	00322457
6421	07211092
6422	15257692
6423	04561548
6424	01262113
6425	00786458
6426	00488617
6427	01552519
6428	03391770
6429	02743727
6430	05566919
6431	10624310
6432	05830059
6433	01255967
6434	01610463
6435	14854581
6436	14052046
6437	01007924
6438	01275762
6439	13576982
6440	10776339
6441	01934205
6442	01867295
6443	01756719
6444	00734054
6445	00793785
6446	01629276
6447	04360501
6448	00610738
6449	01656788
6450	03673971
6451	02537812
6452	04802198
6453	02396205
6454	00327031
6455	02178866
6456	00864159
6457	03536348
6458	00244416
6459	07419233
6460	05797597
6461	07518261
6462	14491271
6463	01243474
6464	03200701
6465	10731244
6466	00024720
6467	10008716
6468	02293321
6469	04376400
6470	05653848
6471	02550868
6472	02992070
6473	13086908
6474	00394610
6475	02645007
6476	00611143
6477	00210797
6478	04361095
6479	01644746
6480	10645611
6481	00217956
6482	05090441
6483	00243900
6484	02077656
6485	02535716
6486	07413899
6487	04476116
6488	00335366
6489	00157081
6490	00595630
6491	01862386
6492	00660971
6493	02076999
6494	06628861
6495	03366721
6496	02678663
6497	06316048
6498	02466111
6499	01241767
6500	04004767
6501	01077887
6502	00670261
6503	07109847
6504	00031921
6505	02383831
6506	04935528
6507	10716389
6508	00153961
6509	01463963
6510	04826235
6511	05555473
6512	00446514
6513	02340543
6514	01877204
6515	05434557
6516	01488245
6517	09179776
6518	03424862
6519	09206985
6520	05774614
6521	00298767
6522	13451804
6523	00912833
6524	07964495
6525	05318831
6526	06410904
6527	00404222
6528	09944022
6529	02722782
6530	00789138
6531	05817845
6532	07232655
6533	10000007
6534	01170052
6535	06161718
6536	00262743
6537	10122300
6538	04524313
6539	05074774
6540	07407970
6541	04683814
6542	01861403
6543	00928947
6544	00804695
6545	04821451
6546	07375405
6547	00423971
6548	02559199
6549	00855512
6550	02981759
6551	00482298
6552	02187922
6553	01930512
6554	01241073
6555	03597469
6556	02950154
6557	01325774
6558	09821253
6559	00152887
6560	04490091
6561	04472726
6562	04194289
6563	05047279
6564	04673965
6565	10693824
6566	00906367
6567	02154508
6568	13265011
6569	01375637
6570	13924659
6571	00050693
6572	00537339
6573	00615887
6574	02484570
6575	00237869
6576	01189001
6577	05133535
6578	13844212
6579	07985223
6580	10225219
6581	08061042
6582	00939857
6583	01538161
6584	05124057
6585	06681177
6586	02465939
6587	00397953
6588	00873603
6589	00338071
6590	00638981
6591	00495808
6592	02910789
6593	01976220
6594	01080064
6595	05893653
6596	02454312
6597	00096343
6598	00602805
6599	05726345
6600	02582450
6601	08574314
6602	01824244
6603	02522864
6604	00046639
6605	01538469
6606	01711749
6607	14541852
6608	02551832
6609	09802239
6610	01071411
6611	00918471
6612	05602835
6613	10308504
6614	03339643
6615	07248507
6616	03010473
6617	08426461
6618	05537576
6619	02598143
6620	01199035
6621	04071876
6622	00052500
6623	04321238
6624	01970646
6625	05293773
6626	01012561
6627	09628382
6628	00158804
6629	02550516
6630	01138911
6631	03295140
6632	02840619
6633	04366116
6634	00922438
6635	00612042
6636	07187996
6637	01264336
6638	01076488
6639	00719494
6640	00310201
6641	06773150
6642	00788184
6643	02267060
6644	01555742
6645	00938247
6646	00035189
6647	07037465
6648	07240925
6649	00170156
6650	00608808
6651	03701640
6652	03387016
6653	01225970
6654	13447361
6655	13582013
6656	00069295
6657	05196375
6658	01712704
6659	04898208
6660	02386388
6661	05562249
6662	00045250
6663	07510923
6664	08418103
6665	05481095
6666	03088707
6667	00190115
6668	01447257
6669	01239494
6670	05796750
6671	04474035
6672	05861067
6673	09942431
6674	07193184
6675	00021766
6676	00041899
6677	01138523
6678	00235208
6679	00872886
6680	09921409
6681	05544432
6682	05503705
6683	13299651
6684	15256022
6685	02741149
6686	01130169
6687	06742932
6688	02765464
6689	02127613
6690	07284554
6691	01224001
6692	14442530
6693	00763901
6694	02863750
6695	00933154
6696	07238694
6697	07230502
6698	13486671
6699	01590007
6700	02554647
6701	03509025
6702	05704096
6703	01129201
6704	08377806
6705	01252601
6706	07216083
6707	05161967
6708	05044528
6709	00929839
6710	02319050
6711	00962447
6712	02798574
6713	00785008
6714	13794417
6715	10660333
6716	00237259
6717	02147603
6718	02713097
6719	01169744
6720	02643446
6721	03789946
6722	10029269
6723	09873604
6724	06417598
6725	13980288
6726	00955601
6727	15269513
6728	10231087
6729	01855606
6730	04192698
6731	01558440
6732	00974444
6733	04780958
6734	00611802
6735	00931232
6736	05781347
6737	00932324
6738	04153751
6739	05805902
6740	01678519
6741	07420770
6742	00731789
6743	08513718
6744	10757492
6745	01027508
6746	03180969
6747	10402285
6748	05828263
6749	02229828
6750	02756098
6751	00339934
6752	00672017
6753	00910203
6754	00355252
6755	00021265
6756	09777353
6757	06345131
6758	05582305
6759	06425065
6760	01231252
6761	09845999
6762	00609236
6763	02334595
6764	01076046
6765	14499262
6766	02788689
6767	10740219
6768	14442933
6769	00043765
6770	09387222
6771	05603160
6772	01239064
6773	00081836
6774	05761559
6775	03103198
6776	07330828
6777	04618070
6778	02260362
6779	13810615
6780	06732925
6781	04151940
6782	00248659
6783	00523513
6784	07208708
6785	09609232
6786	05710573
6787	02128066
6788	07373602
6789	01027859
6790	06998748
6791	01632411
6792	03570709
6793	06396930
6794	02468793
6795	05147381
6796	09624559
6797	00550771
6798	00363788
6799	13812607
6800	07202812
6801	04761815
6802	14421139
6803	07172756
6804	02654416
6805	02327200
6806	01783022
6807	06743362
6808	04865722
6809	02219094
6810	00102457
6811	00732552
6812	01697816
6813	01111375
6814	05462057
6815	02225510
6816	03076708
6817	05511286
6818	14407899
6819	00807178
6820	05634219
6821	01392080
6822	04608567
6823	05808102
6824	01346003
6825	07414740
6826	01452593
6827	00205891
6828	00923995
6829	00274707
6830	08578706
6831	00209943
6832	01198307
6833	05285623
6834	08512736
6835	01001294
6836	01549905
6837	01635176
6838	06364329
6839	07072698
6840	03401721
6841	00858568
6842	09977660
6843	03696065
6844	01212572
6845	07445480
6846	02161432
6847	01051956
6848	06520944
6849	00125629
6850	02703952
6851	07528470
6852	09476521
6853	00044455
6854	08179879
6855	00023100
6856	13426376
6857	09954479
6858	00422090
6859	03740161
6860	04069276
6861	07547805
6862	01706129
6863	00133338
6864	01321002
6865	02475922
6866	00888009
6867	03259505
6868	00612652
6869	01818835
6870	01118449
6871	02329578
6872	03294833
6873	07089751
6874	05430628
6875	00509377
6876	08593262
6877	10012989
6878	07139316
6879	00407535
6880	06387980
6881	01301051
6882	00075135
6883	00751779
6884	00548173
6885	01211098
6886	02137907
6887	10147619
6888	10009484
6889	06467445
6890	00823436
6891	05123416
6892	00791078
6893	02138659
6894	05795460
6895	10264437
6896	00892861
6897	10247044
6898	02677567
6899	04472243
6900	06115476
6901	08569591
6902	01169317
6903	00257269
6904	02858231
6905	09941571
6906	00508192
6907	06685198
6908	04983122
6909	10631941
6910	13907415
6911	13945102
6912	05699434
6913	01133760
6914	01147451
6915	09882007
6916	00668099
6917	03695122
6918	04686003
6919	05704694
6920	01201773
6921	00144694
6922	09998907
6923	09328904
6924	02469443
6925	00382635
6926	00276620
6927	06724763
6928	00235368
6929	04341686
6930	02257370
6931	02694287
6932	01954341
6933	02123903
6934	00118523
6935	10294602
6936	00025034
6937	00019613
6938	05779712
6939	00976487
6940	01989562
6941	00329227
6942	00547802
6943	06055300
6944	01069190
6945	00048225
6946	01506583
6947	01156834
6948	00591006
6949	03322940
6950	00471711
6951	08620763
6952	03117199
6953	05825245
